Data file for DataLogger.
==============================================================================
COMPANY    : <Company name>
COMP.STATUS: Do
DATE       : 04/11/2021
TIME       : 12:20:35
FILENAME   : C:\Users\361045\Documents\projects\caldera\CSV\GW2_211104122035_U8177.CSV
CREATED BY : Diver-Office 11.2.0.1
==========================    BEGINNING OF DATA     ==========================
[Logger settings]
  Instrument type         =Cera-Diver=16
  Status                  =Started =0
  Serial number           =..00-U8177  216.
  Instrument number       =          UTC-6     
                          =0
  Location                =GW2
  Sample period           =M15
  Sample method           =T   
  Number of channels      =2
[Channel 1]
  Identification          =PRESSURE
  Reference level         =400.000   cm
  Range                   =1750.000  cm
  Master level            =0         m
  Altitude                =0         m
[Channel 2]
  Identification          =TEMPERATURE
  Reference level         =-20.000   °C
  Range                   =100.000   °C


[Series settings]
  Serial number           =..00-U8177  216.
  Instrument number       =          UTC-6     
  Location                =GW2
  Sample period           =00 00:15:00 0
  Sample method           =T   
  Start date / time       =00:00:12 29/07/21
  End date / time         =00:15:14 28/10/21
[Channel 1 from data header]
  Identification          =PRESSURE
  Reference level         =400.000   cm
  Range                   =1750.000  cm
  Master level            =0         m
  Altitude                =0         m
[Channel 2 from data header]
  Identification          =TEMPERATURE
  Reference level         =-20.000   °C
  Range                   =100.000   °C


Date/time,Pressure[cmH2O],Temperature[°C]
2021/07/29 12:00:00,757.000,12.407
2021/07/29 12:15:00,757.175,12.400
2021/07/29 12:30:00,756.883,12.393
2021/07/29 12:45:00,756.708,12.387
2021/07/29 13:00:00,756.883,12.380
2021/07/29 13:15:00,756.708,12.380
2021/07/29 13:30:00,756.883,12.380
2021/07/29 13:45:00,756.708,12.380
2021/07/29 14:00:00,756.533,12.373
2021/07/29 14:15:00,756.417,12.373
2021/07/29 14:30:00,756.417,12.373
2021/07/29 14:45:00,756.242,12.373
2021/07/29 15:00:00,756.417,12.373
2021/07/29 15:15:00,756.125,12.373
2021/07/29 15:30:00,756.125,12.373
2021/07/29 15:45:00,756.125,12.373
2021/07/29 16:00:00,755.775,12.367
2021/07/29 16:15:00,755.950,12.373
2021/07/29 16:30:00,755.775,12.367
2021/07/29 16:45:00,755.658,12.373
2021/07/29 17:00:00,755.658,12.373
2021/07/29 17:15:00,755.658,12.373
2021/07/29 17:30:00,755.658,12.373
2021/07/29 17:45:00,755.483,12.373
2021/07/29 18:00:00,755.483,12.373
2021/07/29 18:15:00,755.483,12.367
2021/07/29 18:30:00,755.308,12.367
2021/07/29 18:45:00,755.308,12.373
2021/07/29 19:00:00,755.308,12.373
2021/07/29 19:15:00,755.658,12.367
2021/07/29 19:30:00,755.658,12.367
2021/07/29 19:45:00,756.125,12.373
2021/07/29 20:00:00,756.125,12.367
2021/07/29 20:15:00,756.242,12.373
2021/07/29 20:30:00,756.242,12.373
2021/07/29 20:45:00,756.533,12.373
2021/07/29 21:00:00,756.883,12.373
2021/07/29 21:15:00,757.000,12.373
2021/07/29 21:30:00,757.350,12.373
2021/07/29 21:45:00,757.642,12.373
2021/07/29 22:00:00,757.642,12.373
2021/07/29 22:15:00,757.642,12.373
2021/07/29 22:30:00,757.933,12.373
2021/07/29 22:45:00,757.758,12.373
2021/07/29 23:00:00,758.108,12.380
2021/07/29 23:15:00,758.108,12.380
2021/07/29 23:30:00,758.108,12.380
2021/07/29 23:45:00,758.108,12.380
2021/07/30 00:00:00,758.225,12.380
2021/07/30 00:15:00,758.108,12.380
2021/07/30 00:30:00,758.225,12.380
2021/07/30 00:45:00,757.933,12.387
2021/07/30 01:00:00,757.933,12.387
2021/07/30 01:15:00,757.817,12.387
2021/07/30 01:30:00,757.933,12.387
2021/07/30 01:45:00,757.817,12.387
2021/07/30 02:00:00,757.817,12.387
2021/07/30 02:15:00,758.108,12.393
2021/07/30 02:30:00,757.933,12.393
2021/07/30 02:45:00,757.758,12.393
2021/07/30 03:00:00,757.642,12.393
2021/07/30 03:15:00,757.642,12.400
2021/07/30 03:30:00,757.642,12.400
2021/07/30 03:45:00,757.642,12.400
2021/07/30 04:00:00,757.467,12.400
2021/07/30 04:15:00,757.175,12.407
2021/07/30 04:30:00,757.175,12.407
2021/07/30 04:45:00,757.175,12.413
2021/07/30 05:00:00,757.467,12.413
2021/07/30 05:15:00,757.350,12.413
2021/07/30 05:30:00,757.467,12.413
2021/07/30 05:45:00,757.175,12.413
2021/07/30 06:00:00,757.175,12.420
2021/07/30 06:15:00,757.467,12.420
2021/07/30 06:30:00,757.467,12.420
2021/07/30 06:45:00,757.642,12.420
2021/07/30 07:00:00,757.467,12.427
2021/07/30 07:15:00,757.642,12.427
2021/07/30 07:30:00,757.467,12.427
2021/07/30 07:45:00,757.758,12.433
2021/07/30 08:00:00,757.758,12.433
2021/07/30 08:15:00,758.108,12.433
2021/07/30 08:30:00,757.933,12.433
2021/07/30 08:45:00,757.933,12.440
2021/07/30 09:00:00,758.108,12.440
2021/07/30 09:15:00,758.225,12.440
2021/07/30 09:30:00,758.108,12.447
2021/07/30 09:45:00,758.225,12.447
2021/07/30 10:00:00,758.225,12.447
2021/07/30 10:15:00,758.108,12.447
2021/07/30 10:30:00,758.400,12.453
2021/07/30 10:45:00,758.225,12.453
2021/07/30 11:00:00,758.225,12.453
2021/07/30 11:15:00,758.400,12.460
2021/07/30 11:30:00,758.108,12.460
2021/07/30 11:45:00,758.108,12.460
2021/07/30 12:00:00,757.642,12.467
2021/07/30 12:15:00,757.817,12.467
2021/07/30 12:30:00,757.817,12.467
2021/07/30 12:45:00,757.642,12.467
2021/07/30 13:00:00,757.467,12.467
2021/07/30 13:15:00,757.642,12.473
2021/07/30 13:30:00,757.350,12.473
2021/07/30 13:45:00,757.175,12.473
2021/07/30 14:00:00,757.000,12.473
2021/07/30 14:15:00,757.000,12.473
2021/07/30 14:30:00,757.000,12.473
2021/07/30 14:45:00,757.175,12.480
2021/07/30 15:00:00,757.175,12.480
2021/07/30 15:15:00,757.000,12.480
2021/07/30 15:30:00,756.708,12.480
2021/07/30 15:45:00,756.883,12.480
2021/07/30 16:00:00,756.883,12.480
2021/07/30 16:15:00,756.708,12.480
2021/07/30 16:30:00,756.708,12.480
2021/07/30 16:45:00,756.708,12.480
2021/07/30 17:00:00,756.883,12.480
2021/07/30 17:15:00,756.533,12.480
2021/07/30 17:30:00,756.592,12.487
2021/07/30 17:45:00,756.708,12.487
2021/07/30 18:00:00,756.417,12.487
2021/07/30 18:15:00,756.708,12.480
2021/07/30 18:30:00,756.592,12.487
2021/07/30 18:45:00,756.592,12.487
2021/07/30 19:00:00,756.883,12.487
2021/07/30 19:15:00,757.175,12.487
2021/07/30 19:30:00,757.175,12.487
2021/07/30 19:45:00,757.000,12.487
2021/07/30 20:00:00,757.000,12.487
2021/07/30 20:15:00,756.883,12.487
2021/07/30 20:30:00,756.883,12.487
2021/07/30 20:45:00,756.592,12.487
2021/07/30 21:00:00,756.708,12.487
2021/07/30 21:15:00,756.883,12.487
2021/07/30 21:30:00,757.175,12.487
2021/07/30 21:45:00,757.350,12.487
2021/07/30 22:00:00,757.467,12.487
2021/07/30 22:15:00,757.642,12.493
2021/07/30 22:30:00,757.350,12.487
2021/07/30 22:45:00,757.642,12.487
2021/07/30 23:00:00,757.817,12.493
2021/07/30 23:15:00,757.817,12.493
2021/07/30 23:30:00,757.642,12.493
2021/07/30 23:45:00,757.817,12.493
2021/07/31 00:00:00,757.817,12.493
2021/07/31 00:15:00,757.817,12.493
2021/07/31 00:30:00,757.933,12.493
2021/07/31 00:45:00,757.642,12.493
2021/07/31 01:00:00,757.642,12.493
2021/07/31 01:15:00,757.642,12.493
2021/07/31 01:30:00,757.467,12.500
2021/07/31 01:45:00,757.467,12.500
2021/07/31 02:00:00,757.467,12.500
2021/07/31 02:15:00,757.642,12.500
2021/07/31 02:30:00,757.350,12.500
2021/07/31 02:45:00,757.175,12.500
2021/07/31 03:00:00,757.175,12.507
2021/07/31 03:15:00,757.350,12.507
2021/07/31 03:30:00,757.175,12.507
2021/07/31 03:45:00,757.350,12.507
2021/07/31 04:00:00,757.350,12.507
2021/07/31 04:15:00,757.175,12.507
2021/07/31 04:30:00,757.467,12.513
2021/07/31 04:45:00,757.350,12.513
2021/07/31 05:00:00,757.350,12.513
2021/07/31 05:15:00,757.350,12.513
2021/07/31 05:30:00,757.350,12.513
2021/07/31 05:45:00,757.350,12.520
2021/07/31 06:00:00,757.467,12.520
2021/07/31 06:15:00,757.350,12.520
2021/07/31 06:30:00,757.467,12.520
2021/07/31 06:45:00,757.467,12.520
2021/07/31 07:00:00,757.467,12.527
2021/07/31 07:15:00,757.350,12.527
2021/07/31 07:30:00,757.642,12.527
2021/07/31 07:45:00,757.817,12.527
2021/07/31 08:00:00,757.817,12.527
2021/07/31 08:15:00,757.817,12.527
2021/07/31 08:30:00,757.933,12.527
2021/07/31 08:45:00,758.108,12.533
2021/07/31 09:00:00,758.225,12.533
2021/07/31 09:15:00,758.225,12.533
2021/07/31 09:30:00,758.400,12.533
2021/07/31 09:45:00,758.225,12.540
2021/07/31 10:00:00,758.225,12.540
2021/07/31 10:15:00,758.400,12.540
2021/07/31 10:30:00,758.225,12.540
2021/07/31 10:45:00,758.400,12.540
2021/07/31 11:00:00,757.933,12.547
2021/07/31 11:15:00,758.400,12.547
2021/07/31 11:30:00,758.108,12.547
2021/07/31 11:45:00,758.108,12.547
2021/07/31 12:00:00,757.933,12.547
2021/07/31 12:15:00,757.642,12.547
2021/07/31 12:30:00,757.933,12.547
2021/07/31 12:45:00,757.933,12.547
2021/07/31 13:00:00,757.758,12.553
2021/07/31 13:15:00,757.758,12.553
2021/07/31 13:30:00,757.642,12.553
2021/07/31 13:45:00,757.642,12.553
2021/07/31 14:00:00,757.350,12.553
2021/07/31 14:15:00,757.175,12.553
2021/07/31 14:30:00,757.000,12.553
2021/07/31 14:45:00,757.000,12.553
2021/07/31 15:00:00,757.175,12.553
2021/07/31 15:15:00,757.175,12.553
2021/07/31 15:30:00,757.175,12.553
2021/07/31 15:45:00,757.175,12.553
2021/07/31 16:00:00,757.175,12.553
2021/07/31 16:15:00,757.175,12.553
2021/07/31 16:30:00,757.000,12.553
2021/07/31 16:45:00,757.350,12.553
2021/07/31 17:00:00,757.350,12.553
2021/07/31 17:15:00,757.175,12.553
2021/07/31 17:30:00,757.175,12.553
2021/07/31 17:45:00,757.175,12.553
2021/07/31 18:00:00,757.000,12.553
2021/07/31 18:15:00,757.000,12.553
2021/07/31 18:30:00,756.708,12.553
2021/07/31 18:45:00,757.000,12.553
2021/07/31 19:00:00,757.000,12.553
2021/07/31 19:15:00,757.000,12.553
2021/07/31 19:30:00,757.000,12.553
2021/07/31 19:45:00,757.175,12.553
2021/07/31 20:00:00,757.175,12.553
2021/07/31 20:15:00,757.642,12.553
2021/07/31 20:30:00,757.467,12.553
2021/07/31 20:45:00,757.642,12.553
2021/07/31 21:00:00,757.350,12.553
2021/07/31 21:15:00,757.642,12.553
2021/07/31 21:30:00,757.642,12.553
2021/07/31 21:45:00,757.758,12.553
2021/07/31 22:00:00,758.575,12.553
2021/07/31 22:15:00,758.400,12.553
2021/07/31 22:30:00,758.400,12.553
2021/07/31 22:45:00,758.575,12.553
2021/07/31 23:00:00,758.692,12.553
2021/07/31 23:15:00,758.400,12.553
2021/07/31 23:30:00,758.575,12.553
2021/07/31 23:45:00,758.400,12.553
2021/08/01 00:00:00,758.400,12.553
2021/08/01 00:15:00,758.400,12.553
2021/08/01 00:30:00,758.225,12.553
2021/08/01 00:45:00,758.225,12.553
2021/08/01 01:00:00,758.225,12.553
2021/08/01 01:15:00,757.933,12.553
2021/08/01 01:30:00,757.758,12.553
2021/08/01 01:45:00,757.758,12.553
2021/08/01 02:00:00,757.642,12.553
2021/08/01 02:15:00,757.758,12.553
2021/08/01 02:30:00,757.642,12.553
2021/08/01 02:45:00,757.642,12.560
2021/08/01 03:00:00,757.933,12.560
2021/08/01 03:15:00,757.817,12.560
2021/08/01 03:30:00,757.642,12.560
2021/08/01 03:45:00,757.642,12.560
2021/08/01 04:00:00,757.467,12.560
2021/08/01 04:15:00,757.175,12.560
2021/08/01 04:30:00,757.642,12.560
2021/08/01 04:45:00,757.467,12.560
2021/08/01 05:00:00,757.642,12.560
2021/08/01 05:15:00,757.933,12.560
2021/08/01 05:30:00,757.933,12.560
2021/08/01 05:45:00,757.817,12.567
2021/08/01 06:00:00,757.933,12.567
2021/08/01 06:15:00,757.817,12.567
2021/08/01 06:30:00,757.933,12.567
2021/08/01 06:45:00,757.933,12.567
2021/08/01 07:00:00,758.225,12.567
2021/08/01 07:15:00,758.400,12.567
2021/08/01 07:30:00,758.400,12.567
2021/08/01 07:45:00,758.575,12.567
2021/08/01 08:00:00,758.692,12.567
2021/08/01 08:15:00,758.867,12.567
2021/08/01 08:30:00,758.983,12.573
2021/08/01 08:45:00,758.867,12.567
2021/08/01 09:00:00,758.983,12.573
2021/08/01 09:15:00,759.333,12.573
2021/08/01 09:30:00,759.158,12.573
2021/08/01 09:45:00,759.158,12.573
2021/08/01 10:00:00,759.158,12.573
2021/08/01 10:15:00,759.333,12.573
2021/08/01 10:30:00,759.450,12.573
2021/08/01 10:45:00,759.625,12.573
2021/08/01 11:00:00,759.625,12.573
2021/08/01 11:15:00,759.800,12.573
2021/08/01 11:30:00,759.450,12.573
2021/08/01 11:45:00,759.450,12.573
2021/08/01 12:00:00,759.333,12.573
2021/08/01 12:15:00,759.333,12.573
2021/08/01 12:30:00,759.333,12.573
2021/08/01 12:45:00,759.158,12.573
2021/08/01 13:00:00,759.333,12.573
2021/08/01 13:15:00,758.867,12.573
2021/08/01 13:30:00,758.867,12.573
2021/08/01 13:45:00,758.692,12.573
2021/08/01 14:00:00,758.575,12.573
2021/08/01 14:15:00,758.400,12.573
2021/08/01 14:30:00,758.225,12.573
2021/08/01 14:45:00,758.225,12.573
2021/08/01 15:00:00,758.225,12.573
2021/08/01 15:15:00,757.933,12.573
2021/08/01 15:30:00,757.933,12.573
2021/08/01 15:45:00,758.108,12.573
2021/08/01 16:00:00,757.933,12.573
2021/08/01 16:15:00,758.108,12.573
2021/08/01 16:30:00,757.817,12.567
2021/08/01 16:45:00,757.817,12.567
2021/08/01 17:00:00,757.817,12.567
2021/08/01 17:15:00,757.817,12.567
2021/08/01 17:30:00,757.933,12.567
2021/08/01 17:45:00,757.817,12.567
2021/08/01 18:00:00,757.817,12.567
2021/08/01 18:15:00,757.467,12.567
2021/08/01 18:30:00,757.467,12.567
2021/08/01 18:45:00,757.642,12.560
2021/08/01 19:00:00,757.642,12.567
2021/08/01 19:15:00,757.933,12.560
2021/08/01 19:30:00,757.933,12.560
2021/08/01 19:45:00,758.225,12.560
2021/08/01 20:00:00,758.400,12.560
2021/08/01 20:15:00,758.575,12.560
2021/08/01 20:30:00,758.575,12.560
2021/08/01 20:45:00,758.692,12.560
2021/08/01 21:00:00,758.867,12.560
2021/08/01 21:15:00,759.042,12.560
2021/08/01 21:30:00,759.042,12.560
2021/08/01 21:45:00,759.158,12.553
2021/08/01 22:00:00,758.983,12.553
2021/08/01 22:15:00,759.450,12.553
2021/08/01 22:30:00,759.450,12.553
2021/08/01 22:45:00,759.333,12.553
2021/08/01 23:00:00,759.158,12.553
2021/08/01 23:15:00,759.333,12.553
2021/08/01 23:30:00,759.333,12.553
2021/08/01 23:45:00,759.158,12.553
2021/08/02 00:00:00,759.158,12.553
2021/08/02 00:15:00,759.333,12.553
2021/08/02 00:30:00,759.450,12.553
2021/08/02 00:45:00,759.333,12.553
2021/08/02 01:00:00,759.333,12.553
2021/08/02 01:15:00,759.333,12.553
2021/08/02 01:30:00,759.158,12.553
2021/08/02 01:45:00,759.158,12.553
2021/08/02 02:00:00,758.867,12.547
2021/08/02 02:15:00,758.692,12.553
2021/08/02 02:30:00,758.692,12.553
2021/08/02 02:45:00,758.225,12.547
2021/08/02 03:00:00,758.400,12.547
2021/08/02 03:15:00,758.400,12.547
2021/08/02 03:30:00,758.692,12.553
2021/08/02 03:45:00,758.575,12.553
2021/08/02 04:00:00,758.575,12.547
2021/08/02 04:15:00,758.400,12.547
2021/08/02 04:30:00,758.575,12.553
2021/08/02 04:45:00,758.225,12.547
2021/08/02 05:00:00,758.225,12.547
2021/08/02 05:15:00,758.225,12.547
2021/08/02 05:30:00,758.225,12.547
2021/08/02 05:45:00,758.575,12.553
2021/08/02 06:00:00,758.575,12.553
2021/08/02 06:15:00,758.400,12.547
2021/08/02 06:30:00,758.692,12.547
2021/08/02 06:45:00,758.867,12.547
2021/08/02 07:00:00,759.158,12.553
2021/08/02 07:15:00,759.158,12.553
2021/08/02 07:30:00,759.158,12.553
2021/08/02 07:45:00,759.042,12.547
2021/08/02 08:00:00,758.867,12.547
2021/08/02 08:15:00,759.158,12.553
2021/08/02 08:30:00,759.333,12.553
2021/08/02 08:45:00,759.158,12.553
2021/08/02 09:00:00,759.450,12.553
2021/08/02 09:15:00,759.333,12.553
2021/08/02 09:30:00,759.158,12.553
2021/08/02 09:45:00,758.983,12.553
2021/08/02 10:00:00,759.158,12.553
2021/08/02 10:15:00,758.983,12.553
2021/08/02 10:30:00,758.983,12.553
2021/08/02 10:45:00,758.983,12.553
2021/08/02 11:00:00,758.867,12.553
2021/08/02 11:15:00,758.867,12.553
2021/08/02 11:30:00,758.867,12.553
2021/08/02 11:45:00,758.692,12.553
2021/08/02 12:00:00,758.575,12.553
2021/08/02 12:15:00,758.225,12.553
2021/08/02 12:30:00,758.225,12.553
2021/08/02 12:45:00,758.225,12.553
2021/08/02 13:00:00,758.400,12.553
2021/08/02 13:15:00,758.108,12.553
2021/08/02 13:30:00,757.758,12.553
2021/08/02 13:45:00,757.933,12.553
2021/08/02 14:00:00,757.758,12.553
2021/08/02 14:15:00,757.642,12.553
2021/08/02 14:30:00,757.467,12.553
2021/08/02 14:45:00,757.350,12.553
2021/08/02 15:00:00,757.175,12.553
2021/08/02 15:15:00,756.883,12.547
2021/08/02 15:30:00,756.592,12.547
2021/08/02 15:45:00,756.592,12.547
2021/08/02 16:00:00,756.592,12.547
2021/08/02 16:15:00,756.592,12.547
2021/08/02 16:30:00,756.417,12.547
2021/08/02 16:45:00,756.242,12.547
2021/08/02 17:00:00,756.417,12.547
2021/08/02 17:15:00,756.592,12.547
2021/08/02 17:30:00,756.592,12.547
2021/08/02 17:45:00,756.592,12.547
2021/08/02 18:00:00,756.417,12.547
2021/08/02 18:15:00,756.417,12.540
2021/08/02 18:30:00,756.883,12.547
2021/08/02 18:45:00,756.883,12.540
2021/08/02 19:00:00,757.000,12.540
2021/08/02 19:15:00,756.883,12.540
2021/08/02 19:30:00,757.000,12.540
2021/08/02 19:45:00,757.175,12.540
2021/08/02 20:00:00,757.933,12.533
2021/08/02 20:15:00,757.933,12.540
2021/08/02 20:30:00,757.758,12.540
2021/08/02 20:45:00,757.467,12.533
2021/08/02 21:00:00,757.467,12.533
2021/08/02 21:15:00,757.467,12.533
2021/08/02 21:30:00,757.350,12.533
2021/08/02 21:45:00,757.175,12.533
2021/08/02 22:00:00,757.000,12.533
2021/08/02 22:15:00,756.883,12.533
2021/08/02 22:30:00,756.592,12.533
2021/08/02 22:45:00,756.417,12.527
2021/08/02 23:00:00,756.417,12.527
2021/08/02 23:15:00,756.417,12.527
2021/08/02 23:30:00,756.242,12.527
2021/08/02 23:45:00,756.125,12.527
2021/08/03 00:00:00,755.950,12.527
2021/08/03 00:15:00,755.950,12.527
2021/08/03 00:30:00,755.775,12.527
2021/08/03 00:45:00,755.775,12.527
2021/08/03 01:00:00,755.483,12.527
2021/08/03 01:15:00,755.483,12.527
2021/08/03 01:30:00,755.483,12.527
2021/08/03 01:45:00,755.367,12.527
2021/08/03 02:00:00,755.192,12.527
2021/08/03 02:15:00,755.017,12.527
2021/08/03 02:30:00,756.125,12.527
2021/08/03 02:45:00,756.417,12.520
2021/08/03 03:00:00,756.417,12.520
2021/08/03 03:15:00,756.417,12.520
2021/08/03 03:30:00,755.950,12.527
2021/08/03 03:45:00,755.950,12.520
2021/08/03 04:00:00,755.775,12.520
2021/08/03 04:15:00,755.775,12.520
2021/08/03 04:30:00,755.483,12.520
2021/08/03 04:45:00,755.658,12.520
2021/08/03 05:00:00,755.658,12.520
2021/08/03 05:15:00,755.775,12.520
2021/08/03 05:30:00,755.950,12.520
2021/08/03 05:45:00,756.125,12.520
2021/08/03 06:00:00,755.950,12.520
2021/08/03 06:15:00,755.950,12.520
2021/08/03 06:30:00,756.125,12.520
2021/08/03 06:45:00,756.125,12.520
2021/08/03 07:00:00,756.125,12.520
2021/08/03 07:15:00,756.242,12.520
2021/08/03 07:30:00,755.950,12.520
2021/08/03 07:45:00,756.417,12.520
2021/08/03 08:00:00,756.708,12.520
2021/08/03 08:15:00,756.592,12.520
2021/08/03 08:30:00,755.950,12.520
2021/08/03 08:45:00,756.125,12.520
2021/08/03 09:00:00,755.950,12.520
2021/08/03 09:15:00,755.950,12.520
2021/08/03 09:30:00,755.950,12.520
2021/08/03 09:45:00,755.950,12.520
2021/08/03 10:00:00,755.950,12.520
2021/08/03 10:15:00,755.775,12.520
2021/08/03 10:30:00,755.775,12.513
2021/08/03 10:45:00,755.658,12.513
2021/08/03 11:00:00,755.775,12.520
2021/08/03 11:15:00,755.775,12.520
2021/08/03 11:30:00,755.483,12.513
2021/08/03 11:45:00,755.483,12.513
2021/08/03 12:00:00,755.308,12.513
2021/08/03 12:15:00,755.308,12.513
2021/08/03 12:30:00,755.017,12.513
2021/08/03 12:45:00,755.017,12.513
2021/08/03 13:00:00,754.900,12.513
2021/08/03 13:15:00,754.900,12.513
2021/08/03 13:30:00,754.725,12.513
2021/08/03 13:45:00,754.900,12.513
2021/08/03 14:00:00,754.550,12.507
2021/08/03 14:15:00,754.433,12.513
2021/08/03 14:30:00,754.258,12.507
2021/08/03 14:45:00,754.258,12.507
2021/08/03 15:00:00,754.083,12.507
2021/08/03 15:15:00,753.967,12.507
2021/08/03 15:30:00,753.792,12.507
2021/08/03 15:45:00,753.792,12.507
2021/08/03 16:00:00,753.792,12.500
2021/08/03 16:15:00,753.792,12.500
2021/08/03 16:30:00,753.792,12.493
2021/08/03 16:45:00,753.675,12.493
2021/08/03 17:00:00,753.500,12.493
2021/08/03 17:15:00,753.675,12.493
2021/08/03 17:30:00,753.675,12.493
2021/08/03 17:45:00,753.792,12.487
2021/08/03 18:00:00,754.725,12.487
2021/08/03 18:15:00,754.900,12.487
2021/08/03 18:30:00,754.550,12.487
2021/08/03 18:45:00,754.258,12.487
2021/08/03 19:00:00,754.083,12.480
2021/08/03 19:15:00,753.792,12.480
2021/08/03 19:30:00,753.500,12.480
2021/08/03 19:45:00,753.675,12.480
2021/08/03 20:00:00,753.675,12.473
2021/08/03 20:15:00,753.967,12.480
2021/08/03 20:30:00,753.675,12.473
2021/08/03 20:45:00,753.967,12.473
2021/08/03 21:00:00,753.967,12.473
2021/08/03 21:15:00,754.433,12.473
2021/08/03 21:30:00,754.725,12.473
2021/08/03 21:45:00,754.900,12.467
2021/08/03 22:00:00,754.900,12.467
2021/08/03 22:15:00,755.017,12.467
2021/08/03 22:30:00,755.017,12.467
2021/08/03 22:45:00,754.725,12.467
2021/08/03 23:00:00,754.900,12.467
2021/08/03 23:15:00,755.017,12.467
2021/08/03 23:30:00,755.192,12.460
2021/08/03 23:45:00,755.308,12.460
2021/08/04 00:00:00,755.192,12.460
2021/08/04 00:15:00,755.017,12.460
2021/08/04 00:30:00,755.192,12.460
2021/08/04 00:45:00,755.308,12.460
2021/08/04 01:00:00,755.017,12.460
2021/08/04 01:15:00,755.192,12.460
2021/08/04 01:30:00,755.192,12.460
2021/08/04 01:45:00,754.900,12.460
2021/08/04 02:00:00,754.900,12.460
2021/08/04 02:15:00,755.017,12.460
2021/08/04 02:30:00,755.017,12.460
2021/08/04 02:45:00,754.900,12.460
2021/08/04 03:00:00,755.017,12.453
2021/08/04 03:15:00,755.017,12.453
2021/08/04 03:30:00,754.900,12.453
2021/08/04 03:45:00,754.900,12.453
2021/08/04 04:00:00,754.550,12.453
2021/08/04 04:15:00,754.550,12.453
2021/08/04 04:30:00,754.550,12.453
2021/08/04 04:45:00,754.550,12.453
2021/08/04 05:00:00,754.550,12.453
2021/08/04 05:15:00,754.725,12.460
2021/08/04 05:30:00,754.725,12.460
2021/08/04 05:45:00,754.900,12.460
2021/08/04 06:00:00,755.017,12.453
2021/08/04 06:15:00,754.900,12.460
2021/08/04 06:30:00,754.900,12.453
2021/08/04 06:45:00,755.017,12.453
2021/08/04 07:00:00,754.900,12.460
2021/08/04 07:15:00,755.017,12.460
2021/08/04 07:30:00,755.017,12.460
2021/08/04 07:45:00,755.192,12.460
2021/08/04 08:00:00,755.192,12.460
2021/08/04 08:15:00,755.017,12.460
2021/08/04 08:30:00,755.192,12.460
2021/08/04 08:45:00,755.308,12.460
2021/08/04 09:00:00,755.308,12.460
2021/08/04 09:15:00,755.483,12.460
2021/08/04 09:30:00,755.308,12.460
2021/08/04 09:45:00,755.483,12.460
2021/08/04 10:00:00,755.483,12.460
2021/08/04 10:15:00,755.483,12.460
2021/08/04 10:30:00,755.483,12.460
2021/08/04 10:45:00,755.658,12.460
2021/08/04 11:00:00,755.483,12.467
2021/08/04 11:15:00,755.658,12.467
2021/08/04 11:30:00,755.483,12.467
2021/08/04 11:45:00,755.308,12.467
2021/08/04 12:00:00,755.483,12.460
2021/08/04 12:15:00,755.308,12.460
2021/08/04 12:30:00,755.192,12.460
2021/08/04 12:45:00,755.017,12.467
2021/08/04 13:00:00,755.192,12.460
2021/08/04 13:15:00,755.017,12.467
2021/08/04 13:30:00,755.308,12.460
2021/08/04 13:45:00,754.900,12.467
2021/08/04 14:00:00,755.192,12.460
2021/08/04 14:15:00,755.017,12.460
2021/08/04 14:30:00,754.725,12.460
2021/08/04 14:45:00,754.725,12.460
2021/08/04 15:00:00,754.433,12.460
2021/08/04 15:15:00,754.550,12.460
2021/08/04 15:30:00,754.433,12.460
2021/08/04 15:45:00,754.550,12.460
2021/08/04 16:00:00,754.433,12.460
2021/08/04 16:15:00,754.433,12.460
2021/08/04 16:30:00,754.550,12.453
2021/08/04 16:45:00,754.550,12.453
2021/08/04 17:00:00,754.433,12.453
2021/08/04 17:15:00,754.550,12.453
2021/08/04 17:30:00,754.433,12.453
2021/08/04 17:45:00,754.725,12.453
2021/08/04 18:00:00,754.550,12.447
2021/08/04 18:15:00,754.433,12.447
2021/08/04 18:30:00,754.433,12.447
2021/08/04 18:45:00,754.433,12.447
2021/08/04 19:00:00,754.433,12.447
2021/08/04 19:15:00,754.900,12.447
2021/08/04 19:30:00,755.017,12.447
2021/08/04 19:45:00,755.483,12.447
2021/08/04 20:00:00,755.658,12.447
2021/08/04 20:15:00,755.658,12.447
2021/08/04 20:30:00,755.775,12.447
2021/08/04 20:45:00,756.125,12.440
2021/08/04 21:00:00,756.242,12.440
2021/08/04 21:15:00,756.708,12.440
2021/08/04 21:30:00,756.708,12.440
2021/08/04 21:45:00,756.883,12.440
2021/08/04 22:00:00,757.000,12.440
2021/08/04 22:15:00,757.467,12.440
2021/08/04 22:30:00,757.350,12.440
2021/08/04 22:45:00,757.467,12.440
2021/08/04 23:00:00,757.350,12.440
2021/08/04 23:15:00,757.350,12.440
2021/08/04 23:30:00,757.467,12.440
2021/08/04 23:45:00,757.642,12.440
2021/08/05 00:00:00,757.467,12.440
2021/08/05 00:15:00,757.350,12.440
2021/08/05 00:30:00,757.467,12.440
2021/08/05 00:45:00,757.467,12.440
2021/08/05 01:00:00,757.467,12.440
2021/08/05 01:15:00,757.175,12.440
2021/08/05 01:30:00,757.350,12.440
2021/08/05 01:45:00,757.350,12.440
2021/08/05 02:00:00,757.175,12.440
2021/08/05 02:15:00,757.350,12.440
2021/08/05 02:30:00,757.000,12.440
2021/08/05 02:45:00,756.883,12.440
2021/08/05 03:00:00,757.000,12.447
2021/08/05 03:15:00,756.883,12.447
2021/08/05 03:30:00,757.000,12.447
2021/08/05 03:45:00,756.883,12.447
2021/08/05 04:00:00,756.883,12.447
2021/08/05 04:15:00,756.708,12.447
2021/08/05 04:30:00,756.883,12.447
2021/08/05 04:45:00,757.000,12.447
2021/08/05 05:00:00,756.883,12.447
2021/08/05 05:15:00,757.000,12.453
2021/08/05 05:30:00,757.175,12.453
2021/08/05 05:45:00,757.175,12.453
2021/08/05 06:00:00,757.175,12.453
2021/08/05 06:15:00,757.350,12.453
2021/08/05 06:30:00,757.350,12.453
2021/08/05 06:45:00,757.642,12.460
2021/08/05 07:00:00,757.467,12.460
2021/08/05 07:15:00,757.817,12.460
2021/08/05 07:30:00,757.817,12.460
2021/08/05 07:45:00,757.817,12.460
2021/08/05 08:00:00,757.933,12.460
2021/08/05 08:15:00,758.108,12.460
2021/08/05 08:30:00,757.933,12.467
2021/08/05 08:45:00,757.642,12.467
2021/08/05 09:00:00,757.933,12.467
2021/08/05 09:15:00,757.817,12.467
2021/08/05 09:30:00,757.933,12.467
2021/08/05 09:45:00,757.933,12.467
2021/08/05 10:00:00,758.108,12.473
2021/08/05 10:15:00,758.225,12.473
2021/08/05 10:30:00,758.108,12.473
2021/08/05 10:45:00,758.225,12.473
2021/08/05 11:00:00,758.108,12.473
2021/08/05 11:15:00,757.933,12.473
2021/08/05 11:30:00,758.108,12.473
2021/08/05 11:45:00,757.933,12.480
2021/08/05 12:00:00,757.758,12.480
2021/08/05 12:15:00,757.758,12.480
2021/08/05 12:30:00,757.758,12.480
2021/08/05 12:45:00,757.467,12.480
2021/08/05 13:00:00,757.000,12.487
2021/08/05 13:15:00,757.175,12.487
2021/08/05 13:30:00,757.175,12.487
2021/08/05 13:45:00,757.000,12.487
2021/08/05 14:00:00,757.000,12.487
2021/08/05 14:15:00,756.883,12.487
2021/08/05 14:30:00,756.708,12.487
2021/08/05 14:45:00,756.883,12.487
2021/08/05 15:00:00,756.592,12.487
2021/08/05 15:15:00,756.708,12.487
2021/08/05 15:30:00,756.592,12.487
2021/08/05 15:45:00,756.417,12.487
2021/08/05 16:00:00,756.125,12.487
2021/08/05 16:15:00,756.242,12.487
2021/08/05 16:30:00,755.950,12.487
2021/08/05 16:45:00,756.125,12.487
2021/08/05 17:00:00,755.950,12.487
2021/08/05 17:15:00,755.950,12.487
2021/08/05 17:30:00,755.775,12.487
2021/08/05 17:45:00,755.950,12.487
2021/08/05 18:00:00,755.775,12.487
2021/08/05 18:15:00,755.658,12.487
2021/08/05 18:30:00,755.775,12.487
2021/08/05 18:45:00,755.775,12.487
2021/08/05 19:00:00,755.950,12.487
2021/08/05 19:15:00,755.775,12.487
2021/08/05 19:30:00,755.950,12.487
2021/08/05 19:45:00,755.950,12.487
2021/08/05 20:00:00,755.950,12.487
2021/08/05 20:15:00,756.125,12.480
2021/08/05 20:30:00,756.125,12.487
2021/08/05 20:45:00,756.125,12.487
2021/08/05 21:00:00,756.125,12.487
2021/08/05 21:15:00,756.242,12.487
2021/08/05 21:30:00,756.417,12.480
2021/08/05 21:45:00,756.417,12.487
2021/08/05 22:00:00,756.417,12.487
2021/08/05 22:15:00,756.708,12.487
2021/08/05 22:30:00,756.592,12.487
2021/08/05 22:45:00,756.592,12.487
2021/08/05 23:00:00,756.708,12.487
2021/08/05 23:15:00,756.708,12.487
2021/08/05 23:30:00,756.592,12.487
2021/08/05 23:45:00,756.592,12.487
2021/08/06 00:00:00,756.417,12.487
2021/08/06 00:15:00,756.592,12.487
2021/08/06 00:30:00,756.592,12.487
2021/08/06 00:45:00,756.592,12.487
2021/08/06 01:00:00,756.708,12.487
2021/08/06 01:15:00,756.417,12.487
2021/08/06 01:30:00,756.592,12.487
2021/08/06 01:45:00,756.417,12.487
2021/08/06 02:00:00,756.242,12.487
2021/08/06 02:15:00,756.417,12.487
2021/08/06 02:30:00,756.417,12.493
2021/08/06 02:45:00,756.417,12.493
2021/08/06 03:00:00,756.125,12.493
2021/08/06 03:15:00,756.242,12.493
2021/08/06 03:30:00,756.125,12.493
2021/08/06 03:45:00,756.242,12.493
2021/08/06 04:00:00,756.242,12.493
2021/08/06 04:15:00,756.125,12.493
2021/08/06 04:30:00,756.125,12.500
2021/08/06 04:45:00,755.950,12.500
2021/08/06 05:00:00,755.775,12.500
2021/08/06 05:15:00,756.125,12.500
2021/08/06 05:30:00,755.950,12.500
2021/08/06 05:45:00,755.658,12.500
2021/08/06 06:00:00,755.775,12.500
2021/08/06 06:15:00,755.950,12.500
2021/08/06 06:30:00,755.775,12.507
2021/08/06 06:45:00,755.950,12.507
2021/08/06 07:00:00,755.950,12.507
2021/08/06 07:15:00,755.950,12.507
2021/08/06 07:30:00,755.950,12.507
2021/08/06 07:45:00,755.950,12.507
2021/08/06 08:00:00,755.775,12.507
2021/08/06 08:15:00,756.125,12.513
2021/08/06 08:30:00,756.125,12.513
2021/08/06 08:45:00,756.242,12.513
2021/08/06 09:00:00,756.242,12.513
2021/08/06 09:15:00,756.125,12.513
2021/08/06 09:30:00,755.950,12.513
2021/08/06 09:45:00,756.125,12.513
2021/08/06 10:00:00,755.950,12.513
2021/08/06 10:15:00,755.950,12.520
2021/08/06 10:30:00,755.950,12.520
2021/08/06 10:45:00,756.125,12.520
2021/08/06 11:00:00,756.125,12.520
2021/08/06 11:15:00,756.242,12.520
2021/08/06 11:30:00,756.125,12.520
2021/08/06 11:45:00,755.950,12.527
2021/08/06 12:00:00,755.950,12.527
2021/08/06 12:15:00,755.950,12.520
2021/08/06 12:30:00,755.658,12.527
2021/08/06 12:45:00,755.483,12.527
2021/08/06 13:00:00,755.192,12.527
2021/08/06 13:15:00,755.483,12.533
2021/08/06 13:30:00,755.017,12.527
2021/08/06 13:45:00,755.017,12.533
2021/08/06 14:00:00,755.017,12.533
2021/08/06 14:15:00,754.900,12.533
2021/08/06 14:30:00,754.433,12.527
2021/08/06 14:45:00,754.725,12.533
2021/08/06 15:00:00,754.725,12.533
2021/08/06 15:15:00,754.550,12.533
2021/08/06 15:30:00,754.550,12.533
2021/08/06 15:45:00,754.258,12.533
2021/08/06 16:00:00,754.258,12.533
2021/08/06 16:15:00,753.967,12.533
2021/08/06 16:30:00,753.967,12.533
2021/08/06 16:45:00,753.792,12.533
2021/08/06 17:00:00,753.792,12.533
2021/08/06 17:15:00,753.675,12.533
2021/08/06 17:30:00,753.500,12.533
2021/08/06 17:45:00,753.500,12.533
2021/08/06 18:00:00,753.500,12.533
2021/08/06 18:15:00,753.500,12.533
2021/08/06 18:30:00,753.208,12.533
2021/08/06 18:45:00,753.208,12.527
2021/08/06 19:00:00,753.325,12.533
2021/08/06 19:15:00,753.033,12.533
2021/08/06 19:30:00,752.858,12.527
2021/08/06 19:45:00,753.325,12.527
2021/08/06 20:00:00,753.325,12.533
2021/08/06 20:15:00,753.208,12.527
2021/08/06 20:30:00,753.500,12.533
2021/08/06 20:45:00,753.675,12.533
2021/08/06 21:00:00,753.325,12.527
2021/08/06 21:15:00,753.792,12.527
2021/08/06 21:30:00,753.675,12.527
2021/08/06 21:45:00,753.967,12.527
2021/08/06 22:00:00,753.967,12.533
2021/08/06 22:15:00,754.083,12.533
2021/08/06 22:30:00,754.258,12.533
2021/08/06 22:45:00,754.083,12.533
2021/08/06 23:00:00,754.083,12.533
2021/08/06 23:15:00,753.967,12.533
2021/08/06 23:30:00,754.083,12.533
2021/08/06 23:45:00,753.967,12.533
2021/08/07 00:00:00,754.083,12.533
2021/08/07 00:15:00,753.967,12.533
2021/08/07 00:30:00,753.967,12.533
2021/08/07 00:45:00,753.967,12.533
2021/08/07 01:00:00,753.967,12.533
2021/08/07 01:15:00,753.675,12.533
2021/08/07 01:30:00,753.792,12.540
2021/08/07 01:45:00,753.675,12.540
2021/08/07 02:00:00,753.792,12.540
2021/08/07 02:15:00,753.500,12.540
2021/08/07 02:30:00,753.500,12.540
2021/08/07 02:45:00,753.208,12.540
2021/08/07 03:00:00,753.033,12.547
2021/08/07 03:15:00,753.208,12.547
2021/08/07 03:30:00,752.858,12.547
2021/08/07 03:45:00,753.033,12.547
2021/08/07 04:00:00,753.033,12.547
2021/08/07 04:15:00,752.858,12.547
2021/08/07 04:30:00,753.033,12.553
2021/08/07 04:45:00,753.208,12.553
2021/08/07 05:00:00,753.325,12.553
2021/08/07 05:15:00,753.208,12.553
2021/08/07 05:30:00,753.325,12.553
2021/08/07 05:45:00,753.033,12.560
2021/08/07 06:00:00,753.033,12.560
2021/08/07 06:15:00,753.208,12.560
2021/08/07 06:30:00,753.208,12.560
2021/08/07 06:45:00,753.325,12.560
2021/08/07 07:00:00,753.208,12.567
2021/08/07 07:15:00,753.325,12.567
2021/08/07 07:30:00,753.325,12.567
2021/08/07 07:45:00,753.208,12.567
2021/08/07 08:00:00,753.500,12.573
2021/08/07 08:15:00,753.500,12.573
2021/08/07 08:30:00,753.500,12.573
2021/08/07 08:45:00,753.500,12.573
2021/08/07 09:00:00,753.675,12.573
2021/08/07 09:15:00,753.792,12.573
2021/08/07 09:30:00,753.675,12.573
2021/08/07 09:45:00,753.792,12.580
2021/08/07 10:00:00,753.792,12.580
2021/08/07 10:15:00,753.675,12.580
2021/08/07 10:30:00,753.675,12.580
2021/08/07 10:45:00,753.792,12.580
2021/08/07 11:00:00,753.792,12.587
2021/08/07 11:15:00,753.792,12.587
2021/08/07 11:30:00,753.792,12.587
2021/08/07 11:45:00,753.792,12.587
2021/08/07 12:00:00,753.675,12.587
2021/08/07 12:15:00,753.675,12.587
2021/08/07 12:30:00,753.792,12.593
2021/08/07 12:45:00,753.675,12.593
2021/08/07 13:00:00,753.675,12.593
2021/08/07 13:15:00,753.500,12.593
2021/08/07 13:30:00,753.325,12.593
2021/08/07 13:45:00,753.208,12.593
2021/08/07 14:00:00,753.208,12.600
2021/08/07 14:15:00,752.858,12.600
2021/08/07 14:30:00,753.033,12.593
2021/08/07 14:45:00,752.858,12.593
2021/08/07 15:00:00,752.742,12.600
2021/08/07 15:15:00,752.858,12.600
2021/08/07 15:30:00,752.567,12.600
2021/08/07 15:45:00,752.742,12.600
2021/08/07 16:00:00,752.742,12.600
2021/08/07 16:15:00,752.567,12.600
2021/08/07 16:30:00,752.567,12.600
2021/08/07 16:45:00,752.450,12.600
2021/08/07 17:00:00,752.450,12.600
2021/08/07 17:15:00,752.275,12.600
2021/08/07 17:30:00,752.450,12.600
2021/08/07 17:45:00,752.275,12.600
2021/08/07 18:00:00,752.100,12.600
2021/08/07 18:15:00,751.983,12.600
2021/08/07 18:30:00,751.808,12.600
2021/08/07 18:45:00,751.983,12.600
2021/08/07 19:00:00,751.983,12.600
2021/08/07 19:15:00,751.983,12.600
2021/08/07 19:30:00,751.983,12.600
2021/08/07 19:45:00,752.100,12.600
2021/08/07 20:00:00,751.983,12.600
2021/08/07 20:15:00,751.983,12.600
2021/08/07 20:30:00,752.100,12.600
2021/08/07 20:45:00,751.983,12.600
2021/08/07 21:00:00,752.275,12.600
2021/08/07 21:15:00,752.100,12.600
2021/08/07 21:30:00,752.275,12.600
2021/08/07 21:45:00,752.100,12.607
2021/08/07 22:00:00,752.275,12.607
2021/08/07 22:15:00,752.275,12.607
2021/08/07 22:30:00,752.450,12.607
2021/08/07 22:45:00,752.275,12.607
2021/08/07 23:00:00,752.275,12.607
2021/08/07 23:15:00,752.450,12.607
2021/08/07 23:30:00,752.567,12.607
2021/08/07 23:45:00,752.275,12.607
2021/08/08 00:00:00,752.450,12.607
2021/08/08 00:15:00,752.567,12.613
2021/08/08 00:30:00,752.858,12.613
2021/08/08 00:45:00,752.742,12.613
2021/08/08 01:00:00,752.858,12.613
2021/08/08 01:15:00,753.033,12.613
2021/08/08 01:30:00,752.858,12.613
2021/08/08 01:45:00,752.742,12.613
2021/08/08 02:00:00,752.742,12.613
2021/08/08 02:15:00,752.742,12.620
2021/08/08 02:30:00,752.742,12.620
2021/08/08 02:45:00,752.567,12.620
2021/08/08 03:00:00,752.567,12.620
2021/08/08 03:15:00,752.567,12.627
2021/08/08 03:30:00,752.742,12.620
2021/08/08 03:45:00,752.567,12.627
2021/08/08 04:00:00,752.742,12.627
2021/08/08 04:15:00,752.567,12.627
2021/08/08 04:30:00,752.567,12.627
2021/08/08 04:45:00,752.567,12.627
2021/08/08 05:00:00,752.567,12.633
2021/08/08 05:15:00,752.567,12.633
2021/08/08 05:30:00,752.858,12.633
2021/08/08 05:45:00,752.742,12.633
2021/08/08 06:00:00,752.742,12.633
2021/08/08 06:15:00,753.033,12.640
2021/08/08 06:30:00,752.742,12.640
2021/08/08 06:45:00,753.033,12.640
2021/08/08 07:00:00,752.858,12.640
2021/08/08 07:15:00,753.033,12.640
2021/08/08 07:30:00,753.033,12.647
2021/08/08 07:45:00,753.208,12.647
2021/08/08 08:00:00,753.208,12.647
2021/08/08 08:15:00,753.325,12.647
2021/08/08 08:30:00,753.325,12.647
2021/08/08 08:45:00,753.500,12.647
2021/08/08 09:00:00,753.500,12.647
2021/08/08 09:15:00,753.675,12.647
2021/08/08 09:30:00,753.967,12.653
2021/08/08 09:45:00,753.675,12.653
2021/08/08 10:00:00,753.792,12.653
2021/08/08 10:15:00,753.792,12.653
2021/08/08 10:30:00,753.792,12.653
2021/08/08 10:45:00,753.967,12.653
2021/08/08 11:00:00,753.967,12.660
2021/08/08 11:15:00,753.792,12.660
2021/08/08 11:30:00,753.967,12.660
2021/08/08 11:45:00,753.967,12.660
2021/08/08 12:00:00,753.792,12.660
2021/08/08 12:15:00,753.792,12.660
2021/08/08 12:30:00,753.792,12.660
2021/08/08 12:45:00,753.500,12.660
2021/08/08 13:00:00,753.675,12.660
2021/08/08 13:15:00,753.675,12.660
2021/08/08 13:30:00,753.325,12.667
2021/08/08 13:45:00,753.500,12.667
2021/08/08 14:00:00,753.500,12.660
2021/08/08 14:15:00,753.500,12.660
2021/08/08 14:30:00,753.500,12.660
2021/08/08 14:45:00,753.325,12.660
2021/08/08 15:00:00,753.208,12.660
2021/08/08 15:15:00,753.208,12.660
2021/08/08 15:30:00,752.858,12.660
2021/08/08 15:45:00,752.742,12.660
2021/08/08 16:00:00,753.033,12.660
2021/08/08 16:15:00,752.858,12.660
2021/08/08 16:30:00,752.742,12.660
2021/08/08 16:45:00,752.567,12.660
2021/08/08 17:00:00,752.567,12.660
2021/08/08 17:15:00,752.742,12.660
2021/08/08 17:30:00,752.567,12.660
2021/08/08 17:45:00,752.567,12.660
2021/08/08 18:00:00,752.567,12.660
2021/08/08 18:15:00,752.567,12.653
2021/08/08 18:30:00,752.742,12.653
2021/08/08 18:45:00,752.450,12.653
2021/08/08 19:00:00,752.450,12.653
2021/08/08 19:15:00,752.742,12.653
2021/08/08 19:30:00,752.742,12.653
2021/08/08 19:45:00,752.742,12.653
2021/08/08 20:00:00,752.742,12.653
2021/08/08 20:15:00,752.742,12.647
2021/08/08 20:30:00,752.858,12.647
2021/08/08 20:45:00,752.742,12.647
2021/08/08 21:00:00,752.858,12.647
2021/08/08 21:15:00,753.033,12.647
2021/08/08 21:30:00,753.208,12.647
2021/08/08 21:45:00,753.500,12.640
2021/08/08 22:00:00,753.208,12.647
2021/08/08 22:15:00,753.500,12.647
2021/08/08 22:30:00,753.500,12.647
2021/08/08 22:45:00,753.500,12.640
2021/08/08 23:00:00,753.500,12.647
2021/08/08 23:15:00,753.792,12.640
2021/08/08 23:30:00,753.792,12.640
2021/08/08 23:45:00,753.675,12.640
2021/08/09 00:00:00,753.792,12.640
2021/08/09 00:15:00,753.675,12.640
2021/08/09 00:30:00,753.792,12.640
2021/08/09 00:45:00,753.967,12.640
2021/08/09 01:00:00,753.967,12.640
2021/08/09 01:15:00,753.792,12.640
2021/08/09 01:30:00,753.792,12.640
2021/08/09 01:45:00,753.967,12.640
2021/08/09 02:00:00,753.792,12.640
2021/08/09 02:15:00,753.792,12.640
2021/08/09 02:30:00,753.675,12.640
2021/08/09 02:45:00,753.325,12.647
2021/08/09 03:00:00,753.500,12.640
2021/08/09 03:15:00,753.208,12.647
2021/08/09 03:30:00,753.208,12.647
2021/08/09 03:45:00,753.500,12.640
2021/08/09 04:00:00,753.325,12.647
2021/08/09 04:15:00,753.325,12.647
2021/08/09 04:30:00,753.325,12.647
2021/08/09 04:45:00,753.208,12.647
2021/08/09 05:00:00,753.325,12.647
2021/08/09 05:15:00,753.325,12.647
2021/08/09 05:30:00,753.325,12.647
2021/08/09 05:45:00,753.325,12.647
2021/08/09 06:00:00,753.325,12.647
2021/08/09 06:15:00,753.325,12.647
2021/08/09 06:30:00,753.325,12.647
2021/08/09 06:45:00,753.675,12.647
2021/08/09 07:00:00,753.967,12.653
2021/08/09 07:15:00,753.967,12.653
2021/08/09 07:30:00,753.792,12.647
2021/08/09 07:45:00,753.967,12.647
2021/08/09 08:00:00,754.083,12.653
2021/08/09 08:15:00,753.967,12.653
2021/08/09 08:30:00,754.258,12.653
2021/08/09 08:45:00,754.258,12.653
2021/08/09 09:00:00,754.258,12.653
2021/08/09 09:15:00,754.433,12.653
2021/08/09 09:30:00,754.433,12.653
2021/08/09 09:45:00,754.433,12.653
2021/08/09 10:00:00,754.258,12.653
2021/08/09 10:15:00,754.433,12.653
2021/08/09 10:30:00,754.550,12.653
2021/08/09 10:45:00,754.550,12.653
2021/08/09 11:00:00,754.550,12.653
2021/08/09 11:15:00,754.550,12.660
2021/08/09 11:30:00,754.433,12.653
2021/08/09 11:45:00,754.550,12.660
2021/08/09 12:00:00,754.433,12.653
2021/08/09 12:15:00,754.258,12.653
2021/08/09 12:30:00,754.083,12.660
2021/08/09 12:45:00,754.083,12.660
2021/08/09 13:00:00,753.967,12.660
2021/08/09 13:15:00,754.083,12.660
2021/08/09 13:30:00,754.083,12.660
2021/08/09 13:45:00,753.967,12.653
2021/08/09 14:00:00,753.792,12.653
2021/08/09 14:15:00,753.792,12.653
2021/08/09 14:30:00,753.675,12.653
2021/08/09 14:45:00,753.500,12.653
2021/08/09 15:00:00,753.500,12.653
2021/08/09 15:15:00,753.325,12.653
2021/08/09 15:30:00,753.325,12.653
2021/08/09 15:45:00,753.033,12.653
2021/08/09 16:00:00,753.033,12.653
2021/08/09 16:15:00,753.033,12.653
2021/08/09 16:30:00,752.858,12.647
2021/08/09 16:45:00,752.742,12.647
2021/08/09 17:00:00,752.858,12.647
2021/08/09 17:15:00,752.858,12.647
2021/08/09 17:30:00,752.858,12.647
2021/08/09 17:45:00,752.742,12.647
2021/08/09 18:00:00,752.742,12.647
2021/08/09 18:15:00,752.858,12.640
2021/08/09 18:30:00,752.567,12.647
2021/08/09 18:45:00,753.033,12.640
2021/08/09 19:00:00,752.858,12.640
2021/08/09 19:15:00,753.033,12.640
2021/08/09 19:30:00,753.033,12.640
2021/08/09 19:45:00,753.033,12.640
2021/08/09 20:00:00,753.208,12.640
2021/08/09 20:15:00,753.325,12.640
2021/08/09 20:30:00,753.500,12.640
2021/08/09 20:45:00,753.500,12.633
2021/08/09 21:00:00,753.675,12.633
2021/08/09 21:15:00,753.792,12.633
2021/08/09 21:30:00,753.967,12.633
2021/08/09 21:45:00,754.083,12.633
2021/08/09 22:00:00,754.258,12.633
2021/08/09 22:15:00,754.258,12.633
2021/08/09 22:30:00,754.258,12.633
2021/08/09 22:45:00,754.083,12.633
2021/08/09 23:00:00,754.083,12.633
2021/08/09 23:15:00,754.083,12.633
2021/08/09 23:30:00,754.083,12.627
2021/08/09 23:45:00,754.083,12.627
2021/08/10 00:00:00,754.433,12.633
2021/08/10 00:15:00,754.433,12.633
2021/08/10 00:30:00,754.258,12.633
2021/08/10 00:45:00,754.433,12.633
2021/08/10 01:00:00,754.433,12.633
2021/08/10 01:15:00,754.258,12.627
2021/08/10 01:30:00,754.083,12.627
2021/08/10 01:45:00,754.083,12.633
2021/08/10 02:00:00,754.258,12.633
2021/08/10 02:15:00,754.258,12.633
2021/08/10 02:30:00,753.967,12.627
2021/08/10 02:45:00,753.967,12.627
2021/08/10 03:00:00,754.433,12.633
2021/08/10 03:15:00,754.258,12.633
2021/08/10 03:30:00,754.550,12.633
2021/08/10 03:45:00,754.550,12.633
2021/08/10 04:00:00,754.550,12.633
2021/08/10 04:15:00,754.725,12.633
2021/08/10 04:30:00,754.550,12.633
2021/08/10 04:45:00,754.550,12.633
2021/08/10 05:00:00,754.725,12.633
2021/08/10 05:15:00,754.550,12.633
2021/08/10 05:30:00,754.725,12.633
2021/08/10 05:45:00,754.725,12.633
2021/08/10 06:00:00,754.550,12.633
2021/08/10 06:15:00,754.900,12.633
2021/08/10 06:30:00,754.900,12.633
2021/08/10 06:45:00,755.192,12.633
2021/08/10 07:00:00,755.308,12.633
2021/08/10 07:15:00,755.192,12.633
2021/08/10 07:30:00,755.192,12.633
2021/08/10 07:45:00,755.308,12.640
2021/08/10 08:00:00,755.483,12.633
2021/08/10 08:15:00,755.308,12.633
2021/08/10 08:30:00,755.483,12.640
2021/08/10 08:45:00,755.308,12.640
2021/08/10 09:00:00,755.658,12.640
2021/08/10 09:15:00,755.658,12.640
2021/08/10 09:30:00,755.658,12.640
2021/08/10 09:45:00,755.658,12.640
2021/08/10 10:00:00,755.308,12.640
2021/08/10 10:15:00,755.658,12.640
2021/08/10 10:30:00,755.658,12.640
2021/08/10 10:45:00,755.483,12.640
2021/08/10 11:00:00,755.775,12.640
2021/08/10 11:15:00,755.658,12.640
2021/08/10 11:30:00,755.308,12.640
2021/08/10 11:45:00,755.483,12.640
2021/08/10 12:00:00,755.308,12.640
2021/08/10 12:15:00,755.192,12.640
2021/08/10 12:30:00,755.308,12.640
2021/08/10 12:45:00,755.017,12.640
2021/08/10 13:00:00,755.192,12.640
2021/08/10 13:15:00,755.017,12.640
2021/08/10 13:30:00,755.017,12.640
2021/08/10 13:45:00,755.192,12.640
2021/08/10 14:00:00,755.017,12.640
2021/08/10 14:15:00,754.900,12.640
2021/08/10 14:30:00,754.900,12.640
2021/08/10 14:45:00,754.725,12.640
2021/08/10 15:00:00,754.725,12.640
2021/08/10 15:15:00,754.550,12.640
2021/08/10 15:30:00,754.725,12.640
2021/08/10 15:45:00,754.550,12.640
2021/08/10 16:00:00,754.725,12.640
2021/08/10 16:15:00,754.900,12.640
2021/08/10 16:30:00,755.192,12.640
2021/08/10 16:45:00,755.308,12.640
2021/08/10 17:00:00,755.483,12.640
2021/08/10 17:15:00,755.483,12.640
2021/08/10 17:30:00,755.308,12.640
2021/08/10 17:45:00,755.192,12.640
2021/08/10 18:00:00,755.017,12.640
2021/08/10 18:15:00,755.017,12.633
2021/08/10 18:30:00,754.550,12.633
2021/08/10 18:45:00,754.725,12.633
2021/08/10 19:00:00,754.725,12.633
2021/08/10 19:15:00,754.550,12.633
2021/08/10 19:30:00,754.550,12.633
2021/08/10 19:45:00,754.550,12.633
2021/08/10 20:00:00,754.725,12.633
2021/08/10 20:15:00,754.725,12.633
2021/08/10 20:30:00,754.550,12.633
2021/08/10 20:45:00,754.550,12.633
2021/08/10 21:00:00,754.550,12.633
2021/08/10 21:15:00,754.725,12.633
2021/08/10 21:30:00,755.017,12.633
2021/08/10 21:45:00,755.017,12.627
2021/08/10 22:00:00,755.017,12.627
2021/08/10 22:15:00,755.367,12.627
2021/08/10 22:30:00,755.192,12.627
2021/08/10 22:45:00,755.017,12.627
2021/08/10 23:00:00,754.900,12.627
2021/08/10 23:15:00,755.017,12.627
2021/08/10 23:30:00,755.017,12.627
2021/08/10 23:45:00,754.900,12.627
2021/08/11 00:00:00,755.017,12.627
2021/08/11 00:15:00,755.017,12.627
2021/08/11 00:30:00,755.017,12.627
2021/08/11 00:45:00,755.192,12.627
2021/08/11 01:00:00,755.017,12.627
2021/08/11 01:15:00,754.900,12.627
2021/08/11 01:30:00,754.900,12.627
2021/08/11 01:45:00,755.017,12.627
2021/08/11 02:00:00,755.017,12.620
2021/08/11 02:15:00,754.900,12.620
2021/08/11 02:30:00,754.725,12.620
2021/08/11 02:45:00,754.725,12.620
2021/08/11 03:00:00,754.550,12.627
2021/08/11 03:15:00,754.433,12.627
2021/08/11 03:30:00,754.258,12.627
2021/08/11 03:45:00,754.550,12.620
2021/08/11 04:00:00,754.550,12.620
2021/08/11 04:15:00,754.550,12.620
2021/08/11 04:30:00,754.433,12.620
2021/08/11 04:45:00,754.433,12.620
2021/08/11 05:00:00,754.258,12.620
2021/08/11 05:15:00,754.433,12.620
2021/08/11 05:30:00,754.433,12.620
2021/08/11 05:45:00,754.900,12.620
2021/08/11 06:00:00,754.725,12.620
2021/08/11 06:15:00,754.725,12.620
2021/08/11 06:30:00,754.550,12.620
2021/08/11 06:45:00,754.725,12.620
2021/08/11 07:00:00,754.900,12.620
2021/08/11 07:15:00,755.017,12.620
2021/08/11 07:30:00,754.900,12.620
2021/08/11 07:45:00,754.900,12.620
2021/08/11 08:00:00,755.308,12.620
2021/08/11 08:15:00,755.308,12.620
2021/08/11 08:30:00,755.192,12.620
2021/08/11 08:45:00,755.192,12.620
2021/08/11 09:00:00,755.308,12.620
2021/08/11 09:15:00,755.017,12.620
2021/08/11 09:30:00,755.483,12.620
2021/08/11 09:45:00,755.308,12.620
2021/08/11 10:00:00,755.658,12.620
2021/08/11 10:15:00,755.658,12.620
2021/08/11 10:30:00,755.483,12.620
2021/08/11 10:45:00,755.483,12.620
2021/08/11 11:00:00,755.658,12.620
2021/08/11 11:15:00,755.483,12.620
2021/08/11 11:30:00,755.308,12.620
2021/08/11 11:45:00,755.192,12.620
2021/08/11 12:00:00,755.192,12.620
2021/08/11 12:15:00,755.017,12.620
2021/08/11 12:30:00,754.900,12.620
2021/08/11 12:45:00,754.725,12.620
2021/08/11 13:00:00,754.550,12.620
2021/08/11 13:15:00,754.258,12.620
2021/08/11 13:30:00,754.258,12.620
2021/08/11 13:45:00,754.258,12.620
2021/08/11 14:00:00,754.258,12.620
2021/08/11 14:15:00,753.967,12.620
2021/08/11 14:30:00,754.083,12.613
2021/08/11 14:45:00,754.083,12.620
2021/08/11 15:00:00,753.792,12.613
2021/08/11 15:15:00,753.967,12.613
2021/08/11 15:30:00,753.967,12.613
2021/08/11 15:45:00,754.083,12.613
2021/08/11 16:00:00,753.675,12.613
2021/08/11 16:15:00,753.500,12.613
2021/08/11 16:30:00,753.500,12.613
2021/08/11 16:45:00,753.325,12.613
2021/08/11 17:00:00,753.208,12.613
2021/08/11 17:15:00,752.742,12.607
2021/08/11 17:30:00,752.858,12.607
2021/08/11 17:45:00,752.742,12.607
2021/08/11 18:00:00,752.742,12.607
2021/08/11 18:15:00,752.567,12.607
2021/08/11 18:30:00,752.567,12.607
2021/08/11 18:45:00,752.567,12.607
2021/08/11 19:00:00,752.567,12.607
2021/08/11 19:15:00,752.858,12.607
2021/08/11 19:30:00,753.033,12.607
2021/08/11 19:45:00,753.208,12.607
2021/08/11 20:00:00,753.500,12.600
2021/08/11 20:15:00,753.500,12.600
2021/08/11 20:30:00,753.500,12.600
2021/08/11 20:45:00,753.500,12.600
2021/08/11 21:00:00,753.792,12.600
2021/08/11 21:15:00,754.258,12.600
2021/08/11 21:30:00,754.083,12.600
2021/08/11 21:45:00,754.433,12.600
2021/08/11 22:00:00,754.550,12.600
2021/08/11 22:15:00,754.258,12.600
2021/08/11 22:30:00,755.017,12.600
2021/08/11 22:45:00,755.017,12.600
2021/08/11 23:00:00,755.192,12.600
2021/08/11 23:15:00,755.483,12.600
2021/08/11 23:30:00,755.483,12.600
2021/08/11 23:45:00,755.483,12.600
2021/08/12 00:00:00,755.308,12.600
2021/08/12 00:15:00,755.192,12.600
2021/08/12 00:30:00,754.550,12.600
2021/08/12 00:45:00,754.550,12.600
2021/08/12 01:00:00,754.433,12.600
2021/08/12 01:15:00,754.433,12.600
2021/08/12 01:30:00,754.550,12.600
2021/08/12 01:45:00,754.725,12.600
2021/08/12 02:00:00,754.083,12.607
2021/08/12 02:15:00,753.967,12.607
2021/08/12 02:30:00,753.792,12.607
2021/08/12 02:45:00,753.967,12.607
2021/08/12 03:00:00,753.967,12.607
2021/08/12 03:15:00,753.675,12.607
2021/08/12 03:30:00,753.675,12.607
2021/08/12 03:45:00,753.967,12.607
2021/08/12 04:00:00,753.675,12.607
2021/08/12 04:15:00,753.792,12.607
2021/08/12 04:30:00,753.675,12.607
2021/08/12 04:45:00,753.675,12.607
2021/08/12 05:00:00,753.967,12.613
2021/08/12 05:15:00,753.967,12.613
2021/08/12 05:30:00,754.083,12.613
2021/08/12 05:45:00,754.083,12.613
2021/08/12 06:00:00,754.083,12.613
2021/08/12 06:15:00,754.083,12.613
2021/08/12 06:30:00,754.083,12.613
2021/08/12 06:45:00,754.433,12.613
2021/08/12 07:00:00,754.258,12.613
2021/08/12 07:15:00,754.433,12.613
2021/08/12 07:30:00,754.550,12.620
2021/08/12 07:45:00,754.550,12.620
2021/08/12 08:00:00,754.725,12.620
2021/08/12 08:15:00,754.725,12.620
2021/08/12 08:30:00,754.725,12.620
2021/08/12 08:45:00,754.900,12.620
2021/08/12 09:00:00,754.725,12.620
2021/08/12 09:15:00,754.433,12.627
2021/08/12 09:30:00,754.725,12.627
2021/08/12 09:45:00,754.725,12.627
2021/08/12 10:00:00,754.900,12.627
2021/08/12 10:15:00,754.725,12.627
2021/08/12 10:30:00,754.725,12.627
2021/08/12 10:45:00,754.900,12.627
2021/08/12 11:00:00,755.017,12.627
2021/08/12 11:15:00,754.900,12.627
2021/08/12 11:30:00,754.900,12.627
2021/08/12 11:45:00,755.017,12.633
2021/08/12 12:00:00,755.017,12.633
2021/08/12 12:15:00,754.550,12.627
2021/08/12 12:30:00,754.550,12.633
2021/08/12 12:45:00,754.725,12.633
2021/08/12 13:00:00,754.433,12.633
2021/08/12 13:15:00,754.433,12.633
2021/08/12 13:30:00,754.433,12.633
2021/08/12 13:45:00,754.433,12.633
2021/08/12 14:00:00,754.550,12.633
2021/08/12 14:15:00,754.550,12.633
2021/08/12 14:30:00,754.433,12.633
2021/08/12 14:45:00,754.433,12.633
2021/08/12 15:00:00,754.258,12.633
2021/08/12 15:15:00,753.967,12.633
2021/08/12 15:30:00,753.967,12.633
2021/08/12 15:45:00,753.792,12.633
2021/08/12 16:00:00,753.792,12.633
2021/08/12 16:15:00,754.083,12.633
2021/08/12 16:30:00,754.083,12.633
2021/08/12 16:45:00,754.083,12.633
2021/08/12 17:00:00,754.550,12.633
2021/08/12 17:15:00,754.550,12.633
2021/08/12 17:30:00,754.083,12.633
2021/08/12 17:45:00,754.258,12.633
2021/08/12 18:00:00,753.967,12.633
2021/08/12 18:15:00,753.792,12.633
2021/08/12 18:30:00,753.675,12.633
2021/08/12 18:45:00,753.675,12.633
2021/08/12 19:00:00,753.675,12.633
2021/08/12 19:15:00,753.792,12.633
2021/08/12 19:30:00,753.967,12.633
2021/08/12 19:45:00,754.258,12.633
2021/08/12 20:00:00,754.083,12.633
2021/08/12 20:15:00,754.550,12.633
2021/08/12 20:30:00,754.725,12.633
2021/08/12 20:45:00,755.017,12.633
2021/08/12 21:00:00,755.308,12.633
2021/08/12 21:15:00,755.658,12.633
2021/08/12 21:30:00,755.483,12.633
2021/08/12 21:45:00,755.950,12.633
2021/08/12 22:00:00,755.775,12.633
2021/08/12 22:15:00,756.242,12.633
2021/08/12 22:30:00,756.125,12.633
2021/08/12 22:45:00,756.125,12.633
2021/08/12 23:00:00,755.658,12.633
2021/08/12 23:15:00,755.950,12.633
2021/08/12 23:30:00,755.950,12.633
2021/08/12 23:45:00,756.125,12.633
2021/08/13 00:00:00,755.950,12.633
2021/08/13 00:15:00,756.242,12.633
2021/08/13 00:30:00,755.950,12.633
2021/08/13 00:45:00,756.242,12.633
2021/08/13 01:00:00,756.125,12.633
2021/08/13 01:15:00,756.125,12.633
2021/08/13 01:30:00,756.242,12.633
2021/08/13 01:45:00,756.417,12.633
2021/08/13 02:00:00,756.242,12.633
2021/08/13 02:15:00,756.242,12.633
2021/08/13 02:30:00,756.125,12.640
2021/08/13 02:45:00,756.125,12.640
2021/08/13 03:00:00,755.775,12.640
2021/08/13 03:15:00,755.950,12.640
2021/08/13 03:30:00,755.950,12.640
2021/08/13 03:45:00,755.950,12.640
2021/08/13 04:00:00,756.125,12.640
2021/08/13 04:15:00,756.125,12.640
2021/08/13 04:30:00,755.950,12.640
2021/08/13 04:45:00,755.950,12.640
2021/08/13 05:00:00,755.775,12.647
2021/08/13 05:15:00,755.775,12.640
2021/08/13 05:30:00,755.775,12.647
2021/08/13 05:45:00,755.658,12.647
2021/08/13 06:00:00,755.775,12.647
2021/08/13 06:15:00,755.950,12.647
2021/08/13 06:30:00,755.950,12.647
2021/08/13 06:45:00,755.950,12.647
2021/08/13 07:00:00,756.125,12.647
2021/08/13 07:15:00,756.417,12.647
2021/08/13 07:30:00,756.417,12.647
2021/08/13 07:45:00,756.417,12.647
2021/08/13 08:00:00,756.592,12.647
2021/08/13 08:15:00,756.533,12.653
2021/08/13 08:30:00,756.592,12.647
2021/08/13 08:45:00,756.883,12.653
2021/08/13 09:00:00,757.000,12.653
2021/08/13 09:15:00,757.175,12.653
2021/08/13 09:30:00,757.175,12.653
2021/08/13 09:45:00,757.175,12.653
2021/08/13 10:00:00,757.175,12.653
2021/08/13 10:15:00,757.175,12.653
2021/08/13 10:30:00,757.350,12.653
2021/08/13 10:45:00,757.000,12.653
2021/08/13 11:00:00,757.175,12.653
2021/08/13 11:15:00,757.175,12.660
2021/08/13 11:30:00,757.350,12.653
2021/08/13 11:45:00,757.175,12.653
2021/08/13 12:00:00,757.350,12.653
2021/08/13 12:15:00,757.000,12.653
2021/08/13 12:30:00,757.350,12.653
2021/08/13 12:45:00,756.883,12.653
2021/08/13 13:00:00,757.000,12.653
2021/08/13 13:15:00,757.000,12.660
2021/08/13 13:30:00,756.883,12.653
2021/08/13 13:45:00,756.883,12.653
2021/08/13 14:00:00,756.708,12.653
2021/08/13 14:15:00,756.708,12.653
2021/08/13 14:30:00,756.708,12.653
2021/08/13 14:45:00,756.708,12.653
2021/08/13 15:00:00,756.533,12.653
2021/08/13 15:15:00,756.417,12.653
2021/08/13 15:30:00,756.417,12.653
2021/08/13 15:45:00,756.125,12.653
2021/08/13 16:00:00,756.242,12.653
2021/08/13 16:15:00,756.242,12.653
2021/08/13 16:30:00,756.125,12.653
2021/08/13 16:45:00,756.417,12.653
2021/08/13 17:00:00,756.417,12.647
2021/08/13 17:15:00,756.242,12.647
2021/08/13 17:30:00,756.417,12.647
2021/08/13 17:45:00,756.242,12.647
2021/08/13 18:00:00,756.417,12.647
2021/08/13 18:15:00,756.417,12.647
2021/08/13 18:30:00,756.242,12.647
2021/08/13 18:45:00,756.592,12.647
2021/08/13 19:00:00,757.000,12.640
2021/08/13 19:15:00,756.883,12.647
2021/08/13 19:30:00,756.883,12.640
2021/08/13 19:45:00,757.350,12.640
2021/08/13 20:00:00,757.467,12.640
2021/08/13 20:15:00,757.467,12.640
2021/08/13 20:30:00,757.817,12.640
2021/08/13 20:45:00,757.933,12.640
2021/08/13 21:00:00,758.225,12.640
2021/08/13 21:15:00,758.575,12.640
2021/08/13 21:30:00,758.692,12.640
2021/08/13 21:45:00,758.692,12.640
2021/08/13 22:00:00,759.042,12.640
2021/08/13 22:15:00,759.042,12.640
2021/08/13 22:30:00,759.042,12.640
2021/08/13 22:45:00,759.042,12.633
2021/08/13 23:00:00,758.867,12.640
2021/08/13 23:15:00,759.042,12.640
2021/08/13 23:30:00,759.042,12.633
2021/08/13 23:45:00,759.042,12.633
2021/08/14 00:00:00,759.158,12.633
2021/08/14 00:15:00,759.042,12.633
2021/08/14 00:30:00,759.158,12.633
2021/08/14 00:45:00,759.042,12.633
2021/08/14 01:00:00,759.158,12.640
2021/08/14 01:15:00,758.867,12.633
2021/08/14 01:30:00,758.867,12.633
2021/08/14 01:45:00,758.867,12.640
2021/08/14 02:00:00,758.575,12.640
2021/08/14 02:15:00,758.575,12.640
2021/08/14 02:30:00,758.400,12.640
2021/08/14 02:45:00,758.575,12.640
2021/08/14 03:00:00,758.400,12.640
2021/08/14 03:15:00,758.400,12.640
2021/08/14 03:30:00,758.400,12.640
2021/08/14 03:45:00,758.575,12.640
2021/08/14 04:00:00,758.225,12.640
2021/08/14 04:15:00,758.400,12.640
2021/08/14 04:30:00,758.575,12.640
2021/08/14 04:45:00,758.575,12.640
2021/08/14 05:00:00,758.575,12.640
2021/08/14 05:15:00,758.400,12.647
2021/08/14 05:30:00,758.575,12.640
2021/08/14 05:45:00,758.575,12.647
2021/08/14 06:00:00,758.692,12.647
2021/08/14 06:15:00,758.692,12.647
2021/08/14 06:30:00,758.692,12.647
2021/08/14 06:45:00,758.692,12.647
2021/08/14 07:00:00,758.867,12.647
2021/08/14 07:15:00,758.867,12.647
2021/08/14 07:30:00,759.042,12.647
2021/08/14 07:45:00,758.867,12.647
2021/08/14 08:00:00,759.158,12.653
2021/08/14 08:15:00,759.333,12.653
2021/08/14 08:30:00,759.450,12.653
2021/08/14 08:45:00,759.450,12.653
2021/08/14 09:00:00,759.625,12.653
2021/08/14 09:15:00,759.625,12.653
2021/08/14 09:30:00,759.625,12.653
2021/08/14 09:45:00,759.450,12.653
2021/08/14 10:00:00,759.625,12.653
2021/08/14 10:15:00,759.625,12.653
2021/08/14 10:30:00,759.625,12.653
2021/08/14 10:45:00,759.625,12.653
2021/08/14 11:00:00,759.625,12.653
2021/08/14 11:15:00,759.625,12.653
2021/08/14 11:30:00,759.333,12.653
2021/08/14 11:45:00,759.450,12.660
2021/08/14 12:00:00,759.333,12.660
2021/08/14 12:15:00,759.450,12.660
2021/08/14 12:30:00,759.158,12.660
2021/08/14 12:45:00,759.450,12.660
2021/08/14 13:00:00,759.333,12.660
2021/08/14 13:15:00,759.158,12.660
2021/08/14 13:30:00,759.158,12.660
2021/08/14 13:45:00,759.158,12.660
2021/08/14 14:00:00,758.983,12.660
2021/08/14 14:15:00,758.867,12.660
2021/08/14 14:30:00,758.692,12.660
2021/08/14 14:45:00,758.575,12.660
2021/08/14 15:00:00,758.692,12.660
2021/08/14 15:15:00,758.575,12.660
2021/08/14 15:30:00,758.575,12.653
2021/08/14 15:45:00,758.400,12.660
2021/08/14 16:00:00,758.108,12.660
2021/08/14 16:15:00,758.108,12.653
2021/08/14 16:30:00,757.758,12.653
2021/08/14 16:45:00,757.933,12.653
2021/08/14 17:00:00,757.758,12.660
2021/08/14 17:15:00,757.642,12.653
2021/08/14 17:30:00,757.642,12.653
2021/08/14 17:45:00,757.467,12.653
2021/08/14 18:00:00,757.642,12.653
2021/08/14 18:15:00,757.642,12.653
2021/08/14 18:30:00,757.467,12.653
2021/08/14 18:45:00,757.467,12.653
2021/08/14 19:00:00,757.467,12.653
2021/08/14 19:15:00,757.467,12.647
2021/08/14 19:30:00,757.467,12.653
2021/08/14 19:45:00,757.642,12.653
2021/08/14 20:00:00,757.467,12.647
2021/08/14 20:15:00,757.642,12.647
2021/08/14 20:30:00,757.642,12.647
2021/08/14 20:45:00,757.817,12.647
2021/08/14 21:00:00,757.933,12.647
2021/08/14 21:15:00,758.400,12.647
2021/08/14 21:30:00,758.400,12.647
2021/08/14 21:45:00,758.575,12.647
2021/08/14 22:00:00,758.692,12.647
2021/08/14 22:15:00,758.692,12.647
2021/08/14 22:30:00,758.692,12.647
2021/08/14 22:45:00,758.575,12.647
2021/08/14 23:00:00,758.692,12.647
2021/08/14 23:15:00,758.692,12.647
2021/08/14 23:30:00,758.867,12.647
2021/08/14 23:45:00,758.867,12.647
2021/08/15 00:00:00,758.867,12.647
2021/08/15 00:15:00,758.692,12.647
2021/08/15 00:30:00,758.692,12.647
2021/08/15 00:45:00,758.575,12.647
2021/08/15 01:00:00,758.400,12.647
2021/08/15 01:15:00,758.400,12.647
2021/08/15 01:30:00,758.225,12.647
2021/08/15 01:45:00,757.933,12.647
2021/08/15 02:00:00,758.108,12.653
2021/08/15 02:15:00,757.933,12.647
2021/08/15 02:30:00,757.642,12.647
2021/08/15 02:45:00,757.758,12.653
2021/08/15 03:00:00,757.642,12.653
2021/08/15 03:15:00,757.642,12.653
2021/08/15 03:30:00,757.467,12.653
2021/08/15 03:45:00,757.350,12.653
2021/08/15 04:00:00,757.350,12.653
2021/08/15 04:15:00,757.350,12.653
2021/08/15 04:30:00,757.000,12.653
2021/08/15 04:45:00,756.883,12.660
2021/08/15 05:00:00,757.000,12.660
2021/08/15 05:15:00,757.000,12.660
2021/08/15 05:30:00,756.883,12.660
2021/08/15 05:45:00,757.000,12.660
2021/08/15 06:00:00,757.000,12.660
2021/08/15 06:15:00,757.175,12.660
2021/08/15 06:30:00,757.000,12.660
2021/08/15 06:45:00,757.000,12.660
2021/08/15 07:00:00,757.175,12.660
2021/08/15 07:15:00,757.175,12.667
2021/08/15 07:30:00,757.175,12.667
2021/08/15 07:45:00,757.000,12.667
2021/08/15 08:00:00,757.175,12.667
2021/08/15 08:15:00,757.175,12.667
2021/08/15 08:30:00,757.000,12.667
2021/08/15 08:45:00,757.000,12.667
2021/08/15 09:00:00,757.000,12.667
2021/08/15 09:15:00,756.592,12.667
2021/08/15 09:30:00,756.592,12.667
2021/08/15 09:45:00,756.708,12.667
2021/08/15 10:00:00,756.592,12.673
2021/08/15 10:15:00,756.708,12.673
2021/08/15 10:30:00,756.708,12.673
2021/08/15 10:45:00,756.417,12.673
2021/08/15 11:00:00,756.417,12.673
2021/08/15 11:15:00,756.242,12.673
2021/08/15 11:30:00,756.242,12.673
2021/08/15 11:45:00,755.950,12.673
2021/08/15 12:00:00,756.125,12.673
2021/08/15 12:15:00,756.125,12.673
2021/08/15 12:30:00,755.950,12.673
2021/08/15 12:45:00,755.775,12.673
2021/08/15 13:00:00,755.658,12.680
2021/08/15 13:15:00,755.658,12.673
2021/08/15 13:30:00,755.483,12.673
2021/08/15 13:45:00,755.192,12.673
2021/08/15 14:00:00,755.017,12.673
2021/08/15 14:15:00,754.900,12.673
2021/08/15 14:30:00,754.725,12.673
2021/08/15 14:45:00,754.550,12.673
2021/08/15 15:00:00,754.433,12.673
2021/08/15 15:15:00,753.967,12.673
2021/08/15 15:30:00,753.792,12.673
2021/08/15 15:45:00,753.792,12.673
2021/08/15 16:00:00,753.792,12.673
2021/08/15 16:15:00,753.675,12.673
2021/08/15 16:30:00,753.500,12.673
2021/08/15 16:45:00,753.675,12.673
2021/08/15 17:00:00,753.500,12.673
2021/08/15 17:15:00,753.675,12.673
2021/08/15 17:30:00,753.675,12.673
2021/08/15 17:45:00,754.083,12.673
2021/08/15 18:00:00,754.725,12.673
2021/08/15 18:15:00,755.483,12.667
2021/08/15 18:30:00,755.658,12.667
2021/08/15 18:45:00,756.242,12.667
2021/08/15 19:00:00,755.775,12.667
2021/08/15 19:15:00,754.550,12.667
2021/08/15 19:30:00,754.725,12.667
2021/08/15 19:45:00,755.017,12.667
2021/08/15 20:00:00,755.367,12.667
2021/08/15 20:15:00,755.483,12.667
2021/08/15 20:30:00,755.483,12.667
2021/08/15 20:45:00,755.658,12.667
2021/08/15 21:00:00,755.775,12.667
2021/08/15 21:15:00,756.242,12.667
2021/08/15 21:30:00,756.242,12.660
2021/08/15 21:45:00,755.775,12.660
2021/08/15 22:00:00,755.950,12.660
2021/08/15 22:15:00,756.125,12.660
2021/08/15 22:30:00,756.125,12.660
2021/08/15 22:45:00,755.950,12.660
2021/08/15 23:00:00,755.775,12.660
2021/08/15 23:15:00,755.483,12.660
2021/08/15 23:30:00,755.308,12.660
2021/08/15 23:45:00,755.308,12.660
2021/08/16 00:00:00,755.308,12.660
2021/08/16 00:15:00,755.017,12.660
2021/08/16 00:30:00,754.900,12.660
2021/08/16 00:45:00,754.550,12.660
2021/08/16 01:00:00,754.258,12.660
2021/08/16 01:15:00,754.258,12.660
2021/08/16 01:30:00,753.792,12.660
2021/08/16 01:45:00,753.792,12.660
2021/08/16 02:00:00,753.500,12.660
2021/08/16 02:15:00,753.325,12.660
2021/08/16 02:30:00,753.208,12.660
2021/08/16 02:45:00,753.208,12.667
2021/08/16 03:00:00,753.208,12.667
2021/08/16 03:15:00,753.325,12.667
2021/08/16 03:30:00,753.325,12.667
2021/08/16 03:45:00,753.325,12.667
2021/08/16 04:00:00,753.500,12.667
2021/08/16 04:15:00,753.500,12.667
2021/08/16 04:30:00,753.325,12.667
2021/08/16 04:45:00,753.500,12.667
2021/08/16 05:00:00,753.208,12.667
2021/08/16 05:15:00,753.325,12.667
2021/08/16 05:30:00,753.325,12.667
2021/08/16 05:45:00,753.325,12.667
2021/08/16 06:00:00,753.208,12.667
2021/08/16 06:15:00,753.208,12.667
2021/08/16 06:30:00,753.208,12.667
2021/08/16 06:45:00,753.325,12.667
2021/08/16 07:00:00,753.208,12.667
2021/08/16 07:15:00,753.500,12.667
2021/08/16 07:30:00,753.325,12.667
2021/08/16 07:45:00,753.500,12.667
2021/08/16 08:00:00,753.325,12.667
2021/08/16 08:15:00,753.325,12.667
2021/08/16 08:30:00,753.500,12.667
2021/08/16 08:45:00,753.325,12.667
2021/08/16 09:00:00,753.500,12.667
2021/08/16 09:15:00,753.500,12.667
2021/08/16 09:30:00,753.675,12.667
2021/08/16 09:45:00,753.325,12.667
2021/08/16 10:00:00,753.675,12.667
2021/08/16 10:15:00,753.500,12.667
2021/08/16 10:30:00,753.675,12.667
2021/08/16 10:45:00,753.675,12.667
2021/08/16 11:00:00,753.500,12.667
2021/08/16 11:15:00,753.500,12.667
2021/08/16 11:30:00,753.500,12.667
2021/08/16 11:45:00,753.208,12.667
2021/08/16 12:00:00,753.033,12.667
2021/08/16 12:15:00,753.208,12.667
2021/08/16 12:30:00,752.858,12.667
2021/08/16 12:45:00,752.742,12.667
2021/08/16 13:00:00,752.858,12.660
2021/08/16 13:15:00,752.858,12.660
2021/08/16 13:30:00,753.033,12.660
2021/08/16 13:45:00,753.325,12.660
2021/08/16 14:00:00,753.208,12.660
2021/08/16 14:15:00,752.858,12.660
2021/08/16 14:30:00,752.858,12.660
2021/08/16 14:45:00,752.742,12.660
2021/08/16 15:00:00,752.275,12.660
2021/08/16 15:15:00,752.275,12.660
2021/08/16 15:30:00,752.100,12.653
2021/08/16 15:45:00,751.983,12.653
2021/08/16 16:00:00,751.983,12.653
2021/08/16 16:15:00,751.808,12.653
2021/08/16 16:30:00,752.100,12.653
2021/08/16 16:45:00,751.983,12.653
2021/08/16 17:00:00,751.633,12.653
2021/08/16 17:15:00,751.633,12.647
2021/08/16 17:30:00,751.517,12.647
2021/08/16 17:45:00,751.633,12.647
2021/08/16 18:00:00,751.633,12.647
2021/08/16 18:15:00,752.100,12.647
2021/08/16 18:30:00,751.983,12.647
2021/08/16 18:45:00,751.808,12.647
2021/08/16 19:00:00,751.633,12.647
2021/08/16 19:15:00,751.517,12.640
2021/08/16 19:30:00,751.517,12.640
2021/08/16 19:45:00,751.342,12.640
2021/08/16 20:00:00,751.633,12.640
2021/08/16 20:15:00,751.983,12.640
2021/08/16 20:30:00,752.100,12.640
2021/08/16 20:45:00,752.275,12.633
2021/08/16 21:00:00,752.275,12.633
2021/08/16 21:15:00,752.742,12.633
2021/08/16 21:30:00,752.858,12.633
2021/08/16 21:45:00,752.858,12.633
2021/08/16 22:00:00,752.858,12.633
2021/08/16 22:15:00,753.208,12.633
2021/08/16 22:30:00,752.858,12.633
2021/08/16 22:45:00,752.742,12.633
2021/08/16 23:00:00,752.567,12.627
2021/08/16 23:15:00,752.567,12.627
2021/08/16 23:30:00,752.567,12.627
2021/08/16 23:45:00,752.858,12.627
2021/08/17 00:00:00,752.567,12.627
2021/08/17 00:15:00,752.742,12.627
2021/08/17 00:30:00,752.742,12.627
2021/08/17 00:45:00,752.742,12.620
2021/08/17 01:00:00,752.858,12.620
2021/08/17 01:15:00,752.858,12.620
2021/08/17 01:30:00,752.742,12.620
2021/08/17 01:45:00,752.742,12.620
2021/08/17 02:00:00,752.567,12.620
2021/08/17 02:15:00,752.567,12.620
2021/08/17 02:30:00,752.450,12.620
2021/08/17 02:45:00,752.275,12.620
2021/08/17 03:00:00,752.450,12.613
2021/08/17 03:15:00,752.450,12.613
2021/08/17 03:30:00,752.450,12.613
2021/08/17 03:45:00,752.275,12.613
2021/08/17 04:00:00,751.983,12.613
2021/08/17 04:15:00,751.808,12.613
2021/08/17 04:30:00,751.983,12.613
2021/08/17 04:45:00,751.983,12.613
2021/08/17 05:00:00,751.808,12.607
2021/08/17 05:15:00,751.983,12.607
2021/08/17 05:30:00,751.808,12.607
2021/08/17 05:45:00,751.983,12.607
2021/08/17 06:00:00,751.983,12.607
2021/08/17 06:15:00,752.100,12.607
2021/08/17 06:30:00,752.275,12.607
2021/08/17 06:45:00,752.275,12.607
2021/08/17 07:00:00,752.450,12.600
2021/08/17 07:15:00,752.450,12.600
2021/08/17 07:30:00,752.567,12.600
2021/08/17 07:45:00,752.450,12.600
2021/08/17 08:00:00,752.567,12.600
2021/08/17 08:15:00,752.742,12.600
2021/08/17 08:30:00,752.567,12.600
2021/08/17 08:45:00,752.858,12.600
2021/08/17 09:00:00,752.742,12.593
2021/08/17 09:15:00,752.567,12.593
2021/08/17 09:30:00,752.275,12.593
2021/08/17 09:45:00,752.450,12.593
2021/08/17 10:00:00,752.450,12.593
2021/08/17 10:15:00,752.450,12.593
2021/08/17 10:30:00,752.567,12.593
2021/08/17 10:45:00,752.100,12.587
2021/08/17 11:00:00,752.100,12.593
2021/08/17 11:15:00,752.100,12.587
2021/08/17 11:30:00,752.100,12.587
2021/08/17 11:45:00,751.983,12.587
2021/08/17 12:00:00,751.808,12.587
2021/08/17 12:15:00,751.808,12.587
2021/08/17 12:30:00,751.808,12.580
2021/08/17 12:45:00,751.633,12.580
2021/08/17 13:00:00,751.517,12.580
2021/08/17 13:15:00,751.342,12.580
2021/08/17 13:30:00,751.225,12.580
2021/08/17 13:45:00,751.050,12.580
2021/08/17 14:00:00,751.342,12.573
2021/08/17 14:15:00,751.050,12.573
2021/08/17 14:30:00,751.050,12.573
2021/08/17 14:45:00,750.875,12.573
2021/08/17 15:00:00,750.408,12.567
2021/08/17 15:15:00,750.408,12.567
2021/08/17 15:30:00,750.292,12.567
2021/08/17 15:45:00,750.000,12.567
2021/08/17 16:00:00,750.000,12.560
2021/08/17 16:15:00,750.000,12.560
2021/08/17 16:30:00,749.825,12.560
2021/08/17 16:45:00,749.825,12.560
2021/08/17 17:00:00,749.650,12.553
2021/08/17 17:15:00,749.650,12.553
2021/08/17 17:30:00,749.650,12.553
2021/08/17 17:45:00,749.358,12.547
2021/08/17 18:00:00,749.358,12.547
2021/08/17 18:15:00,749.242,12.547
2021/08/17 18:30:00,749.358,12.547
2021/08/17 18:45:00,749.358,12.540
2021/08/17 19:00:00,749.358,12.540
2021/08/17 19:15:00,749.533,12.540
2021/08/17 19:30:00,749.650,12.533
2021/08/17 19:45:00,749.650,12.533
2021/08/17 20:00:00,749.650,12.533
2021/08/17 20:15:00,750.000,12.533
2021/08/17 20:30:00,749.825,12.533
2021/08/17 20:45:00,749.825,12.527
2021/08/17 21:00:00,750.292,12.527
2021/08/17 21:15:00,750.758,12.527
2021/08/17 21:30:00,750.875,12.527
2021/08/17 21:45:00,750.875,12.520
2021/08/17 22:00:00,751.050,12.520
2021/08/17 22:15:00,751.225,12.520
2021/08/17 22:30:00,751.225,12.520
2021/08/17 22:45:00,751.225,12.520
2021/08/17 23:00:00,751.225,12.520
2021/08/17 23:15:00,751.517,12.513
2021/08/17 23:30:00,751.342,12.513
2021/08/17 23:45:00,751.633,12.513
2021/08/18 00:00:00,751.633,12.513
2021/08/18 00:15:00,751.517,12.513
2021/08/18 00:30:00,751.342,12.513
2021/08/18 00:45:00,751.633,12.513
2021/08/18 01:00:00,751.808,12.513
2021/08/18 01:15:00,751.517,12.507
2021/08/18 01:30:00,751.342,12.507
2021/08/18 01:45:00,751.225,12.507
2021/08/18 02:00:00,751.225,12.507
2021/08/18 02:15:00,751.050,12.507
2021/08/18 02:30:00,751.050,12.507
2021/08/18 02:45:00,751.050,12.507
2021/08/18 03:00:00,751.050,12.507
2021/08/18 03:15:00,751.050,12.507
2021/08/18 03:30:00,750.758,12.507
2021/08/18 03:45:00,750.758,12.507
2021/08/18 04:00:00,750.758,12.507
2021/08/18 04:15:00,750.583,12.507
2021/08/18 04:30:00,750.408,12.507
2021/08/18 04:45:00,750.583,12.507
2021/08/18 05:00:00,750.758,12.507
2021/08/18 05:15:00,750.758,12.507
2021/08/18 05:30:00,750.583,12.507
2021/08/18 05:45:00,750.758,12.507
2021/08/18 06:00:00,750.758,12.507
2021/08/18 06:15:00,750.758,12.507
2021/08/18 06:30:00,750.875,12.507
2021/08/18 06:45:00,750.875,12.507
2021/08/18 07:00:00,751.225,12.507
2021/08/18 07:15:00,751.225,12.507
2021/08/18 07:30:00,751.225,12.507
2021/08/18 07:45:00,751.225,12.507
2021/08/18 08:00:00,751.225,12.507
2021/08/18 08:15:00,751.342,12.507
2021/08/18 08:30:00,751.342,12.507
2021/08/18 08:45:00,751.517,12.507
2021/08/18 09:00:00,751.633,12.507
2021/08/18 09:15:00,751.517,12.507
2021/08/18 09:30:00,751.633,12.507
2021/08/18 09:45:00,751.633,12.507
2021/08/18 10:00:00,751.633,12.507
2021/08/18 10:15:00,751.808,12.507
2021/08/18 10:30:00,752.100,12.513
2021/08/18 10:45:00,752.100,12.513
2021/08/18 11:00:00,752.100,12.513
2021/08/18 11:15:00,752.100,12.513
2021/08/18 11:30:00,751.983,12.513
2021/08/18 11:45:00,751.983,12.513
2021/08/18 12:00:00,751.808,12.513
2021/08/18 12:15:00,751.808,12.513
2021/08/18 12:30:00,751.808,12.513
2021/08/18 12:45:00,751.983,12.513
2021/08/18 13:00:00,751.633,12.513
2021/08/18 13:15:00,751.517,12.513
2021/08/18 13:30:00,751.517,12.513
2021/08/18 13:45:00,751.225,12.513
2021/08/18 14:00:00,751.225,12.513
2021/08/18 14:15:00,751.225,12.513
2021/08/18 14:30:00,751.225,12.513
2021/08/18 14:45:00,750.758,12.513
2021/08/18 15:00:00,750.758,12.513
2021/08/18 15:15:00,750.408,12.507
2021/08/18 15:30:00,750.583,12.513
2021/08/18 15:45:00,750.292,12.507
2021/08/18 16:00:00,750.408,12.507
2021/08/18 16:15:00,750.408,12.507
2021/08/18 16:30:00,750.292,12.507
2021/08/18 16:45:00,750.408,12.507
2021/08/18 17:00:00,750.408,12.507
2021/08/18 17:15:00,750.583,12.507
2021/08/18 17:30:00,750.408,12.507
2021/08/18 17:45:00,750.408,12.507
2021/08/18 18:00:00,750.758,12.507
2021/08/18 18:15:00,751.225,12.500
2021/08/18 18:30:00,751.050,12.507
2021/08/18 18:45:00,751.517,12.500
2021/08/18 19:00:00,751.517,12.500
2021/08/18 19:15:00,751.808,12.500
2021/08/18 19:30:00,751.342,12.500
2021/08/18 19:45:00,751.342,12.500
2021/08/18 20:00:00,751.342,12.500
2021/08/18 20:15:00,751.517,12.500
2021/08/18 20:30:00,751.517,12.500
2021/08/18 20:45:00,751.633,12.500
2021/08/18 21:00:00,751.808,12.493
2021/08/18 21:15:00,751.633,12.493
2021/08/18 21:30:00,751.983,12.493
2021/08/18 21:45:00,751.983,12.493
2021/08/18 22:00:00,751.983,12.493
2021/08/18 22:15:00,752.275,12.493
2021/08/18 22:30:00,752.100,12.493
2021/08/18 22:45:00,752.100,12.493
2021/08/18 23:00:00,752.100,12.493
2021/08/18 23:15:00,752.275,12.493
2021/08/18 23:30:00,752.275,12.493
2021/08/18 23:45:00,752.450,12.493
2021/08/19 00:00:00,752.275,12.493
2021/08/19 00:15:00,752.450,12.493
2021/08/19 00:30:00,752.100,12.493
2021/08/19 00:45:00,751.983,12.493
2021/08/19 01:00:00,752.100,12.493
2021/08/19 01:15:00,751.983,12.493
2021/08/19 01:30:00,751.633,12.493
2021/08/19 01:45:00,751.808,12.493
2021/08/19 02:00:00,751.808,12.493
2021/08/19 02:15:00,751.633,12.493
2021/08/19 02:30:00,751.517,12.493
2021/08/19 02:45:00,751.633,12.493
2021/08/19 03:00:00,751.633,12.493
2021/08/19 03:15:00,751.517,12.493
2021/08/19 03:30:00,751.633,12.493
2021/08/19 03:45:00,751.983,12.493
2021/08/19 04:00:00,751.983,12.493
2021/08/19 04:15:00,751.633,12.493
2021/08/19 04:30:00,751.633,12.500
2021/08/19 04:45:00,751.517,12.500
2021/08/19 05:00:00,751.633,12.500
2021/08/19 05:15:00,751.808,12.500
2021/08/19 05:30:00,751.633,12.500
2021/08/19 05:45:00,751.633,12.500
2021/08/19 06:00:00,751.983,12.500
2021/08/19 06:15:00,751.983,12.500
2021/08/19 06:30:00,751.983,12.500
2021/08/19 06:45:00,752.100,12.500
2021/08/19 07:00:00,752.275,12.500
2021/08/19 07:15:00,752.450,12.500
2021/08/19 07:30:00,752.275,12.500
2021/08/19 07:45:00,752.450,12.500
2021/08/19 08:00:00,752.567,12.507
2021/08/19 08:15:00,752.858,12.500
2021/08/19 08:30:00,752.742,12.507
2021/08/19 08:45:00,752.450,12.507
2021/08/19 09:00:00,752.567,12.507
2021/08/19 09:15:00,752.742,12.507
2021/08/19 09:30:00,752.450,12.507
2021/08/19 09:45:00,752.567,12.507
2021/08/19 10:00:00,752.567,12.507
2021/08/19 10:15:00,752.742,12.507
2021/08/19 10:30:00,752.450,12.507
2021/08/19 10:45:00,752.567,12.507
2021/08/19 11:00:00,752.742,12.507
2021/08/19 11:15:00,752.742,12.507
2021/08/19 11:30:00,752.742,12.507
2021/08/19 11:45:00,752.742,12.507
2021/08/19 12:00:00,752.567,12.507
2021/08/19 12:15:00,752.567,12.507
2021/08/19 12:30:00,752.450,12.507
2021/08/19 12:45:00,752.275,12.507
2021/08/19 13:00:00,752.100,12.507
2021/08/19 13:15:00,752.450,12.507
2021/08/19 13:30:00,752.275,12.507
2021/08/19 13:45:00,752.275,14.370
2021/08/19 14:00:00,758.692,12.633
2021/08/19 14:15:00,763.125,12.500
2021/08/19 14:30:00,765.750,12.500
2021/08/19 14:45:00,765.925,12.520
2021/08/19 15:00:00,765.750,12.527
2021/08/19 15:15:00,765.925,12.533
2021/08/19 15:30:00,765.633,12.527
2021/08/19 15:45:00,765.750,12.533
2021/08/19 16:00:00,765.633,12.533
2021/08/19 16:15:00,765.633,12.533
2021/08/19 16:30:00,765.458,12.533
2021/08/19 16:45:00,765.633,12.533
2021/08/19 17:00:00,765.458,12.540
2021/08/19 17:15:00,765.458,12.540
2021/08/19 17:30:00,765.167,12.540
2021/08/19 17:45:00,765.283,12.540
2021/08/19 18:00:00,764.992,12.547
2021/08/19 18:15:00,765.167,12.547
2021/08/19 18:30:00,764.992,12.547
2021/08/19 18:45:00,765.167,12.553
2021/08/19 19:00:00,764.992,12.553
2021/08/19 19:15:00,764.817,12.553
2021/08/19 19:30:00,764.992,12.553
2021/08/19 19:45:00,765.167,12.553
2021/08/19 20:00:00,764.992,12.560
2021/08/19 20:15:00,764.992,12.560
2021/08/19 20:30:00,764.817,12.560
2021/08/19 20:45:00,764.992,12.560
2021/08/19 21:00:00,764.992,12.560
2021/08/19 21:15:00,764.992,12.560
2021/08/19 21:30:00,765.167,12.560
2021/08/19 21:45:00,765.167,12.560
2021/08/19 22:00:00,765.283,12.560
2021/08/19 22:15:00,764.992,12.560
2021/08/19 22:30:00,765.167,12.560
2021/08/19 22:45:00,765.167,12.553
2021/08/19 23:00:00,765.283,12.560
2021/08/19 23:15:00,765.167,12.553
2021/08/19 23:30:00,765.458,12.553
2021/08/19 23:45:00,765.283,12.553
2021/08/20 00:00:00,765.458,12.553
2021/08/20 00:15:00,765.167,12.547
2021/08/20 00:30:00,764.817,12.547
2021/08/20 00:45:00,764.992,12.547
2021/08/20 01:00:00,765.283,12.540
2021/08/20 01:15:00,765.283,12.540
2021/08/20 01:30:00,765.283,12.533
2021/08/20 01:45:00,765.458,12.533
2021/08/20 02:00:00,765.283,12.527
2021/08/20 02:15:00,765.167,12.527
2021/08/20 02:30:00,765.458,12.520
2021/08/20 02:45:00,765.283,12.520
2021/08/20 03:00:00,765.283,12.513
2021/08/20 03:15:00,765.283,12.507
2021/08/20 03:30:00,765.283,12.500
2021/08/20 03:45:00,764.992,12.493
2021/08/20 04:00:00,764.992,12.493
2021/08/20 04:15:00,764.875,12.487
2021/08/20 04:30:00,764.817,12.480
2021/08/20 04:45:00,764.817,12.473
2021/08/20 05:00:00,764.525,12.467
2021/08/20 05:15:00,764.817,12.460
2021/08/20 05:30:00,764.817,12.453
2021/08/20 05:45:00,764.408,12.447
2021/08/20 06:00:00,764.700,12.440
2021/08/20 06:15:00,764.700,12.433
2021/08/20 06:30:00,764.817,12.420
2021/08/20 06:45:00,764.700,12.413
2021/08/20 07:00:00,764.700,12.407
2021/08/20 07:15:00,764.992,12.393
2021/08/20 07:30:00,764.875,12.387
2021/08/20 07:45:00,765.167,12.373
2021/08/20 08:00:00,765.167,12.367
2021/08/20 08:15:00,765.167,12.353
2021/08/20 08:30:00,765.458,12.340
2021/08/20 08:45:00,765.458,12.333
2021/08/20 09:00:00,765.458,12.320
2021/08/20 09:15:00,765.283,12.313
2021/08/20 09:30:00,765.458,12.300
2021/08/20 09:45:00,765.283,12.287
2021/08/20 10:00:00,765.283,12.273
2021/08/20 10:15:00,765.458,12.260
2021/08/20 10:30:00,765.750,12.253
2021/08/20 10:45:00,765.633,12.240
2021/08/20 11:00:00,765.575,12.227
2021/08/20 11:15:00,765.750,12.213
2021/08/20 11:30:00,765.575,12.193
2021/08/20 11:45:00,765.458,12.187
2021/08/20 12:00:00,765.458,12.167
2021/08/20 12:15:00,765.283,12.153
2021/08/20 12:30:00,765.283,12.140
2021/08/20 12:45:00,765.283,12.130
2021/08/20 13:00:00,765.458,12.110
2021/08/20 13:15:00,765.167,12.097
2021/08/20 13:30:00,765.283,12.083
2021/08/20 13:45:00,765.283,12.063
2021/08/20 14:00:00,765.283,12.050
2021/08/20 14:15:00,765.167,12.037
2021/08/20 14:30:00,765.167,12.023
2021/08/20 14:45:00,764.817,12.010
2021/08/20 15:00:00,764.525,11.997
2021/08/20 15:15:00,764.700,11.977
2021/08/20 15:30:00,764.700,11.963
2021/08/20 15:45:00,764.525,11.950
2021/08/20 16:00:00,764.525,11.937
2021/08/20 16:15:00,764.525,11.930
2021/08/20 16:30:00,764.350,11.923
2021/08/20 16:45:00,764.350,11.917
2021/08/20 17:00:00,764.350,11.910
2021/08/20 17:15:00,764.525,11.903
2021/08/20 17:30:00,764.525,11.903
2021/08/20 17:45:00,764.700,11.897
2021/08/20 18:00:00,764.700,11.897
2021/08/20 18:15:00,764.525,11.890
2021/08/20 18:30:00,764.700,11.890
2021/08/20 18:45:00,764.700,11.897
2021/08/20 19:00:00,764.700,11.897
2021/08/20 19:15:00,764.700,11.897
2021/08/20 19:30:00,764.817,11.897
2021/08/20 19:45:00,764.817,11.903
2021/08/20 20:00:00,764.817,11.903
2021/08/20 20:15:00,764.992,11.910
2021/08/20 20:30:00,764.992,11.910
2021/08/20 20:45:00,765.167,11.917
2021/08/20 21:00:00,765.167,11.923
2021/08/20 21:15:00,765.283,11.923
2021/08/20 21:30:00,765.458,11.930
2021/08/20 21:45:00,765.750,11.937
2021/08/20 22:00:00,765.633,11.937
2021/08/20 22:15:00,765.575,11.943
2021/08/20 22:30:00,765.575,11.950
2021/08/20 22:45:00,765.750,11.957
2021/08/20 23:00:00,765.750,11.963
2021/08/20 23:15:00,765.750,11.963
2021/08/20 23:30:00,765.925,11.970
2021/08/20 23:45:00,765.750,11.977
2021/08/21 00:00:00,765.750,11.977
2021/08/21 00:15:00,765.575,11.983
2021/08/21 00:30:00,765.575,11.990
2021/08/21 00:45:00,765.575,11.990
2021/08/21 01:00:00,765.458,11.997
2021/08/21 01:15:00,765.458,11.997
2021/08/21 01:30:00,765.633,12.003
2021/08/21 01:45:00,765.458,12.003
2021/08/21 02:00:00,765.458,12.010
2021/08/21 02:15:00,765.283,12.010
2021/08/21 02:30:00,765.458,12.010
2021/08/21 02:45:00,765.458,12.010
2021/08/21 03:00:00,765.167,12.010
2021/08/21 03:15:00,765.283,12.017
2021/08/21 03:30:00,765.458,12.017
2021/08/21 03:45:00,765.283,12.017
2021/08/21 04:00:00,765.458,12.017
2021/08/21 04:15:00,765.283,12.010
2021/08/21 04:30:00,765.283,12.010
2021/08/21 04:45:00,765.283,12.010
2021/08/21 05:00:00,765.283,12.010
2021/08/21 05:15:00,765.633,12.003
2021/08/21 05:30:00,765.633,11.997
2021/08/21 05:45:00,765.633,11.997
2021/08/21 06:00:00,765.458,11.990
2021/08/21 06:15:00,765.750,11.990
2021/08/21 06:30:00,765.750,11.983
2021/08/21 06:45:00,765.750,11.970
2021/08/21 07:00:00,766.042,11.963
2021/08/21 07:15:00,766.042,11.957
2021/08/21 07:30:00,766.217,11.950
2021/08/21 07:45:00,766.217,11.943
2021/08/21 08:00:00,766.508,11.937
2021/08/21 08:15:00,766.392,11.930
2021/08/21 08:30:00,766.392,11.917
2021/08/21 08:45:00,766.392,11.903
2021/08/21 09:00:00,766.508,11.897
2021/08/21 09:15:00,766.392,11.883
2021/08/21 09:30:00,766.392,11.870
2021/08/21 09:45:00,766.392,11.857
2021/08/21 10:00:00,766.683,11.843
2021/08/21 10:15:00,766.800,11.830
2021/08/21 10:30:00,766.508,11.817
2021/08/21 10:45:00,766.683,11.803
2021/08/21 11:00:00,766.858,11.790
2021/08/21 11:15:00,766.683,11.777
2021/08/21 11:30:00,766.800,11.763
2021/08/21 11:45:00,766.683,11.750
2021/08/21 12:00:00,766.683,11.730
2021/08/21 12:15:00,766.508,11.717
2021/08/21 12:30:00,766.392,11.703
2021/08/21 12:45:00,766.508,11.683
2021/08/21 13:00:00,766.392,11.670
2021/08/21 13:15:00,766.333,11.657
2021/08/21 13:30:00,766.333,11.637
2021/08/21 13:45:00,766.392,11.623
2021/08/21 14:00:00,766.217,11.610
2021/08/21 14:15:00,766.042,11.590
2021/08/21 14:30:00,766.217,11.577
2021/08/21 14:45:00,766.042,11.563
2021/08/21 15:00:00,765.750,11.550
2021/08/21 15:15:00,765.750,11.543
2021/08/21 15:30:00,765.633,11.530
2021/08/21 15:45:00,765.575,11.517
2021/08/21 16:00:00,765.750,11.510
2021/08/21 16:15:00,765.575,11.497
2021/08/21 16:30:00,765.458,11.490
2021/08/21 16:45:00,765.283,11.483
2021/08/21 17:00:00,765.458,11.477
2021/08/21 17:15:00,765.167,11.470
2021/08/21 17:30:00,764.992,11.463
2021/08/21 17:45:00,765.458,11.457
2021/08/21 18:00:00,765.108,11.457
2021/08/21 18:15:00,764.817,11.450
2021/08/21 18:30:00,764.817,11.450
2021/08/21 18:45:00,764.992,11.443
2021/08/21 19:00:00,764.817,11.443
2021/08/21 19:15:00,764.992,11.443
2021/08/21 19:30:00,764.992,11.443
2021/08/21 19:45:00,765.167,11.443
2021/08/21 20:00:00,765.167,11.443
2021/08/21 20:15:00,765.283,11.443
2021/08/21 20:30:00,765.458,11.450
2021/08/21 20:45:00,765.575,11.450
2021/08/21 21:00:00,765.750,11.450
2021/08/21 21:15:00,765.925,11.457
2021/08/21 21:30:00,766.042,11.457
2021/08/21 21:45:00,766.217,11.457
2021/08/21 22:00:00,766.217,11.463
2021/08/21 22:15:00,766.392,11.463
2021/08/21 22:30:00,766.217,11.470
2021/08/21 22:45:00,766.392,11.470
2021/08/21 23:00:00,766.508,11.477
2021/08/21 23:15:00,766.508,11.477
2021/08/21 23:30:00,766.333,11.477
2021/08/21 23:45:00,766.508,11.483
2021/08/22 00:00:00,766.508,11.490
2021/08/22 00:15:00,766.392,11.490
2021/08/22 00:30:00,766.508,11.497
2021/08/22 00:45:00,766.508,11.497
2021/08/22 01:00:00,766.217,11.503
2021/08/22 01:15:00,766.508,11.503
2021/08/22 01:30:00,766.508,11.503
2021/08/22 01:45:00,766.392,11.510
2021/08/22 02:00:00,766.508,11.510
2021/08/22 02:15:00,766.508,11.510
2021/08/22 02:30:00,766.508,11.517
2021/08/22 02:45:00,766.683,11.517
2021/08/22 03:00:00,766.683,11.517
2021/08/22 03:15:00,766.683,11.517
2021/08/22 03:30:00,766.508,11.517
2021/08/22 03:45:00,766.333,11.517
2021/08/22 04:00:00,766.683,11.517
2021/08/22 04:15:00,766.508,11.517
2021/08/22 04:30:00,766.333,11.517
2021/08/22 04:45:00,766.508,11.517
2021/08/22 05:00:00,766.508,11.517
2021/08/22 05:15:00,766.392,11.510
2021/08/22 05:30:00,766.392,11.510
2021/08/22 05:45:00,766.392,11.510
2021/08/22 06:00:00,766.683,11.510
2021/08/22 06:15:00,766.858,11.503
2021/08/22 06:30:00,766.858,11.503
2021/08/22 06:45:00,766.975,11.497
2021/08/22 07:00:00,766.975,11.490
2021/08/22 07:15:00,767.267,11.490
2021/08/22 07:30:00,767.267,11.483
2021/08/22 07:45:00,767.558,11.477
2021/08/22 08:00:00,767.733,11.477
2021/08/22 08:15:00,767.617,11.470
2021/08/22 08:30:00,767.617,11.463
2021/08/22 08:45:00,767.908,11.457
2021/08/22 09:00:00,767.733,11.457
2021/08/22 09:15:00,767.733,11.450
2021/08/22 09:30:00,767.617,11.443
2021/08/22 09:45:00,767.908,11.437
2021/08/22 10:00:00,767.442,11.430
2021/08/22 10:15:00,767.617,11.427
2021/08/22 10:30:00,767.733,11.420
2021/08/22 10:45:00,767.617,11.413
2021/08/22 11:00:00,767.617,11.407
2021/08/22 11:15:00,767.733,11.400
2021/08/22 11:30:00,767.617,11.387
2021/08/22 11:45:00,767.558,11.380
2021/08/22 12:00:00,767.442,11.373
2021/08/22 12:15:00,767.150,11.367
2021/08/22 12:30:00,766.975,11.353
2021/08/22 12:45:00,766.975,11.347
2021/08/22 13:00:00,766.975,11.340
2021/08/22 13:15:00,766.975,11.327
2021/08/22 13:30:00,766.975,11.320
2021/08/22 13:45:00,766.683,11.313
2021/08/22 14:00:00,767.150,11.300
2021/08/22 14:15:00,766.975,11.293
2021/08/22 14:30:00,766.975,11.287
2021/08/22 14:45:00,766.975,11.273
2021/08/22 15:00:00,766.683,11.267
2021/08/22 15:15:00,766.683,11.260
2021/08/22 15:30:00,766.508,11.253
2021/08/22 15:45:00,766.392,11.247
2021/08/22 16:00:00,766.333,11.240
2021/08/22 16:15:00,766.042,11.233
2021/08/22 16:30:00,766.042,11.227
2021/08/22 16:45:00,766.042,11.227
2021/08/22 17:00:00,766.508,11.220
2021/08/22 17:15:00,766.508,11.220
2021/08/22 17:30:00,766.217,11.213
2021/08/22 17:45:00,766.217,11.213
2021/08/22 18:00:00,766.217,11.213
2021/08/22 18:15:00,765.925,11.213
2021/08/22 18:30:00,766.042,11.213
2021/08/22 18:45:00,766.217,11.220
2021/08/22 19:00:00,766.042,11.220
2021/08/22 19:15:00,765.925,11.227
2021/08/22 19:30:00,765.925,11.227
2021/08/22 19:45:00,765.925,11.233
2021/08/22 20:00:00,766.217,11.240
2021/08/22 20:15:00,766.508,11.240
2021/08/22 20:30:00,766.683,11.247
2021/08/22 20:45:00,766.683,11.253
2021/08/22 21:00:00,767.150,11.260
2021/08/22 21:15:00,767.150,11.273
2021/08/22 21:30:00,767.558,11.280
2021/08/22 21:45:00,767.267,11.287
2021/08/22 22:00:00,767.442,11.293
2021/08/22 22:15:00,767.733,11.300
2021/08/22 22:30:00,767.617,11.313
2021/08/22 22:45:00,767.733,11.320
2021/08/22 23:00:00,767.908,11.333
2021/08/22 23:15:00,768.025,11.340
2021/08/22 23:30:00,767.733,11.347
2021/08/22 23:45:00,767.908,11.360
2021/08/23 00:00:00,767.733,11.367
2021/08/23 00:15:00,767.733,11.380
2021/08/23 00:30:00,767.617,11.387
2021/08/23 00:45:00,767.558,11.400
2021/08/23 01:00:00,767.267,11.407
2021/08/23 01:15:00,767.733,11.420
2021/08/23 01:30:00,767.442,11.427
2021/08/23 01:45:00,767.267,11.437
2021/08/23 02:00:00,767.150,11.443
2021/08/23 02:15:00,767.267,11.450
2021/08/23 02:30:00,767.267,11.457
2021/08/23 02:45:00,766.975,11.470
2021/08/23 03:00:00,767.150,11.477
2021/08/23 03:15:00,767.150,11.483
2021/08/23 03:30:00,767.150,11.490
2021/08/23 03:45:00,767.442,11.497
2021/08/23 04:00:00,767.267,11.503
2021/08/23 04:15:00,766.975,11.510
2021/08/23 04:30:00,767.267,11.517
2021/08/23 04:45:00,767.442,11.517
2021/08/23 05:00:00,767.267,11.523
2021/08/23 05:15:00,767.442,11.530
2021/08/23 05:30:00,767.617,11.537
2021/08/23 05:45:00,767.617,11.537
2021/08/23 06:00:00,767.442,11.543
2021/08/23 06:15:00,767.733,11.543
2021/08/23 06:30:00,767.733,11.550
2021/08/23 06:45:00,767.908,11.550
2021/08/23 07:00:00,767.908,11.550
2021/08/23 07:15:00,768.200,11.550
2021/08/23 07:30:00,768.200,11.550
2021/08/23 07:45:00,768.492,11.550
2021/08/23 08:00:00,768.375,11.550
2021/08/23 08:15:00,768.492,11.550
2021/08/23 08:30:00,768.667,11.550
2021/08/23 08:45:00,768.667,11.550
2021/08/23 09:00:00,768.667,11.550
2021/08/23 09:15:00,768.667,11.550
2021/08/23 09:30:00,768.492,11.550
2021/08/23 09:45:00,768.667,11.550
2021/08/23 10:00:00,768.492,11.543
2021/08/23 10:15:00,768.492,11.543
2021/08/23 10:30:00,768.842,11.537
2021/08/23 10:45:00,768.667,11.537
2021/08/23 11:00:00,768.667,11.530
2021/08/23 11:15:00,768.667,11.523
2021/08/23 11:30:00,768.842,11.523
2021/08/23 11:45:00,768.783,11.517
2021/08/23 12:00:00,768.667,11.510
2021/08/23 12:15:00,768.842,11.510
2021/08/23 12:30:00,768.550,11.503
2021/08/23 12:45:00,768.667,11.497
2021/08/23 13:00:00,768.375,11.490
2021/08/23 13:15:00,768.375,11.483
2021/08/23 13:30:00,768.200,11.483
2021/08/23 13:45:00,768.200,11.477
2021/08/23 14:00:00,767.908,11.470
2021/08/23 14:15:00,767.908,11.463
2021/08/23 14:30:00,768.025,11.457
2021/08/23 14:45:00,767.733,11.450
2021/08/23 15:00:00,768.200,11.443
2021/08/23 15:15:00,768.025,11.437
2021/08/23 15:30:00,767.908,11.430
2021/08/23 15:45:00,767.617,11.427
2021/08/23 16:00:00,767.267,11.427
2021/08/23 16:15:00,767.267,11.420
2021/08/23 16:30:00,767.267,11.420
2021/08/23 16:45:00,766.800,11.413
2021/08/23 17:00:00,766.800,11.413
2021/08/23 17:15:00,766.858,11.407
2021/08/23 17:30:00,766.975,11.407
2021/08/23 17:45:00,766.858,11.407
2021/08/23 18:00:00,766.683,11.407
2021/08/23 18:15:00,766.508,11.407
2021/08/23 18:30:00,766.975,11.400
2021/08/23 18:45:00,766.975,11.407
2021/08/23 19:00:00,767.150,11.407
2021/08/23 19:15:00,767.150,11.407
2021/08/23 19:30:00,767.267,11.407
2021/08/23 19:45:00,767.267,11.413
2021/08/23 20:00:00,767.267,11.413
2021/08/23 20:15:00,767.733,11.420
2021/08/23 20:30:00,767.908,11.420
2021/08/23 20:45:00,767.733,11.427
2021/08/23 21:00:00,767.908,11.430
2021/08/23 21:15:00,768.375,11.437
2021/08/23 21:30:00,768.200,11.437
2021/08/23 21:45:00,768.200,11.443
2021/08/23 22:00:00,768.375,11.457
2021/08/23 22:15:00,768.667,11.463
2021/08/23 22:30:00,768.667,11.470
2021/08/23 22:45:00,768.958,11.477
2021/08/23 23:00:00,768.842,11.483
2021/08/23 23:15:00,768.667,11.490
2021/08/23 23:30:00,768.667,11.497
2021/08/23 23:45:00,768.492,11.510
2021/08/24 00:00:00,768.375,11.517
2021/08/24 00:15:00,768.200,11.523
2021/08/24 00:30:00,768.375,11.530
2021/08/24 00:45:00,768.375,11.543
2021/08/24 01:00:00,768.375,11.550
2021/08/24 01:15:00,768.375,11.557
2021/08/24 01:30:00,768.025,11.563
2021/08/24 01:45:00,768.200,11.577
2021/08/24 02:00:00,768.025,11.583
2021/08/24 02:15:00,768.200,11.590
2021/08/24 02:30:00,768.200,11.597
2021/08/24 02:45:00,768.083,11.603
2021/08/24 03:00:00,768.200,11.610
2021/08/24 03:15:00,768.375,11.617
2021/08/24 03:30:00,768.025,11.623
2021/08/24 03:45:00,768.200,11.630
2021/08/24 04:00:00,768.375,11.637
2021/08/24 04:15:00,768.375,11.643
2021/08/24 04:30:00,768.375,11.643
2021/08/24 04:45:00,768.375,11.650
2021/08/24 05:00:00,768.492,11.657
2021/08/24 05:15:00,768.492,11.657
2021/08/24 05:30:00,768.667,11.663
2021/08/24 05:45:00,768.842,11.670
2021/08/24 06:00:00,768.842,11.677
2021/08/24 06:15:00,768.842,11.677
2021/08/24 06:30:00,768.842,11.683
2021/08/24 06:45:00,768.958,11.683
2021/08/24 07:00:00,768.958,11.683
2021/08/24 07:15:00,768.958,11.683
2021/08/24 07:30:00,769.250,11.690
2021/08/24 07:45:00,769.250,11.690
2021/08/24 08:00:00,769.250,11.690
2021/08/24 08:15:00,769.250,11.697
2021/08/24 08:30:00,769.425,11.697
2021/08/24 08:45:00,769.425,11.697
2021/08/24 09:00:00,769.425,11.697
2021/08/24 09:15:00,769.600,11.697
2021/08/24 09:30:00,769.425,11.697
2021/08/24 09:45:00,769.717,11.697
2021/08/24 10:00:00,769.717,11.697
2021/08/24 10:15:00,769.892,11.697
2021/08/24 10:30:00,769.892,11.690
2021/08/24 10:45:00,770.183,11.690
2021/08/24 11:00:00,770.067,11.690
2021/08/24 11:15:00,770.183,11.683
2021/08/24 11:30:00,769.892,11.683
2021/08/24 11:45:00,769.892,11.683
2021/08/24 12:00:00,770.067,11.677
2021/08/24 12:15:00,769.892,11.677
2021/08/24 12:30:00,769.775,11.677
2021/08/24 12:45:00,769.600,11.670
2021/08/24 13:00:00,769.600,11.670
2021/08/24 13:15:00,769.600,11.663
2021/08/24 13:30:00,769.425,11.657
2021/08/24 13:45:00,769.600,11.657
2021/08/24 14:00:00,769.250,11.650
2021/08/24 14:15:00,769.308,11.643
2021/08/24 14:30:00,768.958,11.643
2021/08/24 14:45:00,769.250,11.637
2021/08/24 15:00:00,768.842,11.630
2021/08/24 15:15:00,768.842,11.623
2021/08/24 15:30:00,768.492,11.623
2021/08/24 15:45:00,768.492,11.617
2021/08/24 16:00:00,768.375,11.610
2021/08/24 16:15:00,768.550,11.603
2021/08/24 16:30:00,768.550,11.603
2021/08/24 16:45:00,768.667,11.597
2021/08/24 17:00:00,768.492,11.590
2021/08/24 17:15:00,768.200,11.590
2021/08/24 17:30:00,768.492,11.583
2021/08/24 17:45:00,768.492,11.577
2021/08/24 18:00:00,768.492,11.577
2021/08/24 18:15:00,768.667,11.577
2021/08/24 18:30:00,768.375,11.570
2021/08/24 18:45:00,768.375,11.570
2021/08/24 19:00:00,768.550,11.570
2021/08/24 19:15:00,768.492,11.563
2021/08/24 19:30:00,768.667,11.563
2021/08/24 19:45:00,768.492,11.563
2021/08/24 20:00:00,768.667,11.570
2021/08/24 20:15:00,768.958,11.570
2021/08/24 20:30:00,768.958,11.570
2021/08/24 20:45:00,769.308,11.570
2021/08/24 21:00:00,769.308,11.570
2021/08/24 21:15:00,769.425,11.577
2021/08/24 21:30:00,769.717,11.577
2021/08/24 21:45:00,769.717,11.577
2021/08/24 22:00:00,770.008,11.577
2021/08/24 22:15:00,770.183,11.577
2021/08/24 22:30:00,769.892,11.583
2021/08/24 22:45:00,769.892,11.583
2021/08/24 23:00:00,769.892,11.583
2021/08/24 23:15:00,769.892,11.590
2021/08/24 23:30:00,769.892,11.597
2021/08/24 23:45:00,769.775,11.603
2021/08/25 00:00:00,769.775,11.603
2021/08/25 00:15:00,770.067,11.610
2021/08/25 00:30:00,770.183,11.610
2021/08/25 00:45:00,770.183,11.617
2021/08/25 01:00:00,770.067,11.623
2021/08/25 01:15:00,769.892,11.623
2021/08/25 01:30:00,769.892,11.630
2021/08/25 01:45:00,769.892,11.637
2021/08/25 02:00:00,769.892,11.643
2021/08/25 02:15:00,769.775,11.643
2021/08/25 02:30:00,769.600,11.650
2021/08/25 02:45:00,770.008,11.657
2021/08/25 03:00:00,769.717,11.663
2021/08/25 03:15:00,769.717,11.663
2021/08/25 03:30:00,769.892,11.670
2021/08/25 03:45:00,769.892,11.677
2021/08/25 04:00:00,769.892,11.677
2021/08/25 04:15:00,769.775,11.683
2021/08/25 04:30:00,769.775,11.683
2021/08/25 04:45:00,769.717,11.690
2021/08/25 05:00:00,769.717,11.697
2021/08/25 05:15:00,770.067,11.697
2021/08/25 05:30:00,769.892,11.703
2021/08/25 05:45:00,769.892,11.710
2021/08/25 06:00:00,770.067,11.710
2021/08/25 06:15:00,770.067,11.717
2021/08/25 06:30:00,770.358,11.717
2021/08/25 06:45:00,770.358,11.717
2021/08/25 07:00:00,770.533,11.723
2021/08/25 07:15:00,770.533,11.723
2021/08/25 07:30:00,770.650,11.723
2021/08/25 07:45:00,770.825,11.730
2021/08/25 08:00:00,770.650,11.730
2021/08/25 08:15:00,770.825,11.730
2021/08/25 08:30:00,770.942,11.730
2021/08/25 08:45:00,770.825,11.730
2021/08/25 09:00:00,770.825,11.730
2021/08/25 09:15:00,770.942,11.737
2021/08/25 09:30:00,771.292,11.730
2021/08/25 09:45:00,771.292,11.730
2021/08/25 10:00:00,771.292,11.730
2021/08/25 10:15:00,771.292,11.730
2021/08/25 10:30:00,771.292,11.730
2021/08/25 10:45:00,771.117,11.730
2021/08/25 11:00:00,771.408,11.730
2021/08/25 11:15:00,771.408,11.730
2021/08/25 11:30:00,771.292,11.730
2021/08/25 11:45:00,771.117,11.723
2021/08/25 12:00:00,770.825,11.723
2021/08/25 12:15:00,770.650,11.723
2021/08/25 12:30:00,770.650,11.717
2021/08/25 12:45:00,770.533,11.717
2021/08/25 13:00:00,770.358,11.710
2021/08/25 13:15:00,770.533,11.710
2021/08/25 13:30:00,770.358,11.710
2021/08/25 13:45:00,770.358,11.703
2021/08/25 14:00:00,770.067,11.697
2021/08/25 14:15:00,769.892,11.697
2021/08/25 14:30:00,769.892,11.690
2021/08/25 14:45:00,769.775,11.683
2021/08/25 15:00:00,769.600,11.683
2021/08/25 15:15:00,769.308,11.677
2021/08/25 15:30:00,769.425,11.670
2021/08/25 15:45:00,769.425,11.670
2021/08/25 16:00:00,769.133,11.663
2021/08/25 16:15:00,768.958,11.657
2021/08/25 16:30:00,768.842,11.650
2021/08/25 16:45:00,768.842,11.643
2021/08/25 17:00:00,768.958,11.643
2021/08/25 17:15:00,768.958,11.637
2021/08/25 17:30:00,768.842,11.630
2021/08/25 17:45:00,768.667,11.630
2021/08/25 18:00:00,768.842,11.623
2021/08/25 18:15:00,768.783,11.617
2021/08/25 18:30:00,768.667,11.617
2021/08/25 18:45:00,768.550,11.610
2021/08/25 19:00:00,768.550,11.610
2021/08/25 19:15:00,768.550,11.603
2021/08/25 19:30:00,768.550,11.603
2021/08/25 19:45:00,768.958,11.597
2021/08/25 20:00:00,769.133,11.597
2021/08/25 20:15:00,769.133,11.597
2021/08/25 20:30:00,768.958,11.590
2021/08/25 20:45:00,769.250,11.590
2021/08/25 21:00:00,769.250,11.590
2021/08/25 21:15:00,769.600,11.590
2021/08/25 21:30:00,769.600,11.590
2021/08/25 21:45:00,769.717,11.583
2021/08/25 22:00:00,769.717,11.583
2021/08/25 22:15:00,769.717,11.583
2021/08/25 22:30:00,769.600,11.583
2021/08/25 22:45:00,769.717,11.583
2021/08/25 23:00:00,769.892,11.590
2021/08/25 23:15:00,770.358,11.590
2021/08/25 23:30:00,770.067,11.590
2021/08/25 23:45:00,770.183,11.590
2021/08/26 00:00:00,770.183,11.597
2021/08/26 00:15:00,770.358,11.597
2021/08/26 00:30:00,770.650,11.597
2021/08/26 00:45:00,770.358,11.597
2021/08/26 01:00:00,770.358,11.603
2021/08/26 01:15:00,770.358,11.603
2021/08/26 01:30:00,770.358,11.610
2021/08/26 01:45:00,770.183,11.610
2021/08/26 02:00:00,770.358,11.617
2021/08/26 02:15:00,770.358,11.617
2021/08/26 02:30:00,770.183,11.617
2021/08/26 02:45:00,770.067,11.623
2021/08/26 03:00:00,770.067,11.630
2021/08/26 03:15:00,770.067,11.630
2021/08/26 03:30:00,770.183,11.637
2021/08/26 03:45:00,770.008,11.637
2021/08/26 04:00:00,770.183,11.637
2021/08/26 04:15:00,770.183,11.643
2021/08/26 04:30:00,769.892,11.643
2021/08/26 04:45:00,769.717,11.650
2021/08/26 05:00:00,769.717,11.650
2021/08/26 05:15:00,770.183,11.657
2021/08/26 05:30:00,770.008,11.657
2021/08/26 05:45:00,769.892,11.663
2021/08/26 06:00:00,770.067,11.663
2021/08/26 06:15:00,770.183,11.663
2021/08/26 06:30:00,770.067,11.670
2021/08/26 06:45:00,770.183,11.670
2021/08/26 07:00:00,770.183,11.670
2021/08/26 07:15:00,770.358,11.670
2021/08/26 07:30:00,770.358,11.677
2021/08/26 07:45:00,770.183,11.677
2021/08/26 08:00:00,770.533,11.683
2021/08/26 08:15:00,770.183,11.683
2021/08/26 08:30:00,770.533,11.683
2021/08/26 08:45:00,770.533,11.683
2021/08/26 09:00:00,770.358,11.683
2021/08/26 09:15:00,770.358,11.690
2021/08/26 09:30:00,770.358,11.690
2021/08/26 09:45:00,770.358,11.690
2021/08/26 10:00:00,770.358,11.690
2021/08/26 10:15:00,770.533,11.690
2021/08/26 10:30:00,770.358,11.690
2021/08/26 10:45:00,770.358,11.690
2021/08/26 11:00:00,770.533,11.690
2021/08/26 11:15:00,770.533,11.690
2021/08/26 11:30:00,770.358,11.690
2021/08/26 11:45:00,770.358,11.690
2021/08/26 12:00:00,770.183,11.690
2021/08/26 12:15:00,770.067,11.690
2021/08/26 12:30:00,769.892,11.690
2021/08/26 12:45:00,769.717,11.690
2021/08/26 13:00:00,769.600,11.690
2021/08/26 13:15:00,769.425,11.690
2021/08/26 13:30:00,769.425,11.690
2021/08/26 13:45:00,769.250,11.690
2021/08/26 14:00:00,768.958,11.683
2021/08/26 14:15:00,768.842,11.683
2021/08/26 14:30:00,768.667,11.683
2021/08/26 14:45:00,768.375,11.677
2021/08/26 15:00:00,768.550,11.677
2021/08/26 15:15:00,767.908,11.677
2021/08/26 15:30:00,768.083,11.677
2021/08/26 15:45:00,767.908,11.670
2021/08/26 16:00:00,767.617,11.670
2021/08/26 16:15:00,767.733,11.670
2021/08/26 16:30:00,767.617,11.663
2021/08/26 16:45:00,767.908,11.663
2021/08/26 17:00:00,767.908,11.663
2021/08/26 17:15:00,767.558,11.657
2021/08/26 17:30:00,768.025,11.657
2021/08/26 17:45:00,768.025,11.657
2021/08/26 18:00:00,768.200,11.657
2021/08/26 18:15:00,768.025,11.650
2021/08/26 18:30:00,767.908,11.650
2021/08/26 18:45:00,767.442,11.650
2021/08/26 19:00:00,767.617,11.643
2021/08/26 19:15:00,767.908,11.643
2021/08/26 19:30:00,768.550,11.643
2021/08/26 19:45:00,768.842,11.643
2021/08/26 20:00:00,768.958,11.643
2021/08/26 20:15:00,769.600,11.637
2021/08/26 20:30:00,769.250,11.637
2021/08/26 20:45:00,769.425,11.637
2021/08/26 21:00:00,769.600,11.637
2021/08/26 21:15:00,769.892,11.637
2021/08/26 21:30:00,769.892,11.637
2021/08/26 21:45:00,769.892,11.637
2021/08/26 22:00:00,769.892,11.637
2021/08/26 22:15:00,769.600,11.637
2021/08/26 22:30:00,769.600,11.637
2021/08/26 22:45:00,769.425,11.643
2021/08/26 23:00:00,769.308,11.643
2021/08/26 23:15:00,769.308,11.643
2021/08/26 23:30:00,769.308,11.643
2021/08/26 23:45:00,769.308,11.643
2021/08/27 00:00:00,769.250,11.650
2021/08/27 00:15:00,769.425,11.650
2021/08/27 00:30:00,769.133,11.650
2021/08/27 00:45:00,769.133,11.657
2021/08/27 01:00:00,768.958,11.657
2021/08/27 01:15:00,768.958,11.657
2021/08/27 01:30:00,768.958,11.663
2021/08/27 01:45:00,768.958,11.663
2021/08/27 02:00:00,768.492,11.663
2021/08/27 02:15:00,768.375,11.670
2021/08/27 02:30:00,768.375,11.670
2021/08/27 02:45:00,768.550,11.677
2021/08/27 03:00:00,768.200,11.677
2021/08/27 03:15:00,768.200,11.677
2021/08/27 03:30:00,768.083,11.683
2021/08/27 03:45:00,768.200,11.683
2021/08/27 04:00:00,767.908,11.690
2021/08/27 04:15:00,767.908,11.690
2021/08/27 04:30:00,767.908,11.697
2021/08/27 04:45:00,767.908,11.697
2021/08/27 05:00:00,767.733,11.697
2021/08/27 05:15:00,767.733,11.703
2021/08/27 05:30:00,767.617,11.703
2021/08/27 05:45:00,767.617,11.710
2021/08/27 06:00:00,767.617,11.710
2021/08/27 06:15:00,767.617,11.710
2021/08/27 06:30:00,767.733,11.717
2021/08/27 06:45:00,767.617,11.717
2021/08/27 07:00:00,767.733,11.723
2021/08/27 07:15:00,768.025,11.723
2021/08/27 07:30:00,767.733,11.723
2021/08/27 07:45:00,767.908,11.730
2021/08/27 08:00:00,767.733,11.730
2021/08/27 08:15:00,767.733,11.730
2021/08/27 08:30:00,768.025,11.730
2021/08/27 08:45:00,768.025,11.737
2021/08/27 09:00:00,768.025,11.737
2021/08/27 09:15:00,768.025,11.737
2021/08/27 09:30:00,768.025,11.743
2021/08/27 09:45:00,768.025,11.743
2021/08/27 10:00:00,767.908,11.743
2021/08/27 10:15:00,768.200,11.743
2021/08/27 10:30:00,767.908,11.743
2021/08/27 10:45:00,768.083,11.750
2021/08/27 11:00:00,768.083,11.750
2021/08/27 11:15:00,767.908,11.757
2021/08/27 11:30:00,767.908,11.750
2021/08/27 11:45:00,767.733,11.757
2021/08/27 12:00:00,767.617,11.757
2021/08/27 12:15:00,767.617,11.757
2021/08/27 12:30:00,767.442,11.757
2021/08/27 12:45:00,767.267,11.757
2021/08/27 13:00:00,766.975,11.757
2021/08/27 13:15:00,766.858,11.757
2021/08/27 13:30:00,766.975,11.757
2021/08/27 13:45:00,767.150,11.757
2021/08/27 14:00:00,767.442,11.757
2021/08/27 14:15:00,767.442,11.763
2021/08/27 14:30:00,766.975,11.757
2021/08/27 14:45:00,767.150,11.757
2021/08/27 15:00:00,766.683,11.757
2021/08/27 15:15:00,766.392,11.757
2021/08/27 15:30:00,766.392,11.757
2021/08/27 15:45:00,766.042,11.757
2021/08/27 16:00:00,766.217,11.757
2021/08/27 16:15:00,765.925,11.757
2021/08/27 16:30:00,765.925,11.757
2021/08/27 16:45:00,765.925,11.757
2021/08/27 17:00:00,765.925,11.757
2021/08/27 17:15:00,766.042,11.750
2021/08/27 17:30:00,766.042,11.750
2021/08/27 17:45:00,765.925,11.750
2021/08/27 18:00:00,766.042,11.750
2021/08/27 18:15:00,765.750,11.750
2021/08/27 18:30:00,766.042,11.750
2021/08/27 18:45:00,766.217,11.750
2021/08/27 19:00:00,766.508,11.750
2021/08/27 19:15:00,766.392,11.750
2021/08/27 19:30:00,766.683,11.750
2021/08/27 19:45:00,766.975,11.750
2021/08/27 20:00:00,767.150,11.750
2021/08/27 20:15:00,767.267,11.750
2021/08/27 20:30:00,767.617,11.750
2021/08/27 20:45:00,767.908,11.750
2021/08/27 21:00:00,767.908,11.750
2021/08/27 21:15:00,768.375,11.750
2021/08/27 21:30:00,768.550,11.750
2021/08/27 21:45:00,768.550,11.750
2021/08/27 22:00:00,768.083,11.750
2021/08/27 22:15:00,767.733,11.750
2021/08/27 22:30:00,767.267,11.750
2021/08/27 22:45:00,767.150,11.750
2021/08/27 23:00:00,766.975,11.750
2021/08/27 23:15:00,766.683,11.750
2021/08/27 23:30:00,766.683,11.750
2021/08/27 23:45:00,766.683,11.757
2021/08/28 00:00:00,766.858,11.750
2021/08/28 00:15:00,766.975,11.757
2021/08/28 00:30:00,767.267,11.757
2021/08/28 00:45:00,767.442,11.757
2021/08/28 01:00:00,767.617,11.757
2021/08/28 01:15:00,767.617,11.763
2021/08/28 01:30:00,767.442,11.763
2021/08/28 01:45:00,767.267,11.763
2021/08/28 02:00:00,767.150,11.763
2021/08/28 02:15:00,767.267,11.763
2021/08/28 02:30:00,767.150,11.770
2021/08/28 02:45:00,767.267,11.770
2021/08/28 03:00:00,766.975,11.770
2021/08/28 03:15:00,766.800,11.770
2021/08/28 03:30:00,766.975,11.777
2021/08/28 03:45:00,767.150,11.777
2021/08/28 04:00:00,766.975,11.777
2021/08/28 04:15:00,766.975,11.777
2021/08/28 04:30:00,766.800,11.777
2021/08/28 04:45:00,766.975,11.777
2021/08/28 05:00:00,766.683,11.777
2021/08/28 05:15:00,766.508,11.783
2021/08/28 05:30:00,766.683,11.783
2021/08/28 05:45:00,766.683,11.783
2021/08/28 06:00:00,766.683,11.783
2021/08/28 06:15:00,766.683,11.790
2021/08/28 06:30:00,766.858,11.790
2021/08/28 06:45:00,766.975,11.790
2021/08/28 07:00:00,767.267,11.790
2021/08/28 07:15:00,767.267,11.790
2021/08/28 07:30:00,767.150,11.790
2021/08/28 07:45:00,767.150,11.797
2021/08/28 08:00:00,767.267,11.797
2021/08/28 08:15:00,767.267,11.797
2021/08/28 08:30:00,767.267,11.797
2021/08/28 08:45:00,767.442,11.797
2021/08/28 09:00:00,767.617,11.797
2021/08/28 09:15:00,767.442,11.797
2021/08/28 09:30:00,767.442,11.797
2021/08/28 09:45:00,767.617,11.797
2021/08/28 10:00:00,767.617,11.797
2021/08/28 10:15:00,767.617,11.797
2021/08/28 10:30:00,767.733,11.797
2021/08/28 10:45:00,767.733,11.797
2021/08/28 11:00:00,767.733,11.797
2021/08/28 11:15:00,767.617,11.797
2021/08/28 11:30:00,767.442,11.803
2021/08/28 11:45:00,767.442,11.803
2021/08/28 12:00:00,767.442,11.797
2021/08/28 12:15:00,767.617,11.803
2021/08/28 12:30:00,767.617,11.797
2021/08/28 12:45:00,767.150,11.803
2021/08/28 13:00:00,767.267,11.797
2021/08/28 13:15:00,766.975,11.797
2021/08/28 13:30:00,766.683,11.797
2021/08/28 13:45:00,766.800,11.797
2021/08/28 14:00:00,766.683,11.797
2021/08/28 14:15:00,766.800,11.797
2021/08/28 14:30:00,766.683,11.797
2021/08/28 14:45:00,766.392,11.797
2021/08/28 15:00:00,766.392,11.790
2021/08/28 15:15:00,766.042,11.790
2021/08/28 15:30:00,765.925,11.790
2021/08/28 15:45:00,765.925,11.790
2021/08/28 16:00:00,766.217,11.790
2021/08/28 16:15:00,766.042,11.790
2021/08/28 16:30:00,765.925,11.790
2021/08/28 16:45:00,765.925,11.790
2021/08/28 17:00:00,765.925,11.783
2021/08/28 17:15:00,765.925,11.783
2021/08/28 17:30:00,765.925,11.783
2021/08/28 17:45:00,766.042,11.783
2021/08/28 18:00:00,766.508,11.783
2021/08/28 18:15:00,766.508,11.783
2021/08/28 18:30:00,766.858,11.783
2021/08/28 18:45:00,766.392,11.783
2021/08/28 19:00:00,766.217,11.783
2021/08/28 19:15:00,766.392,11.777
2021/08/28 19:30:00,766.042,11.777
2021/08/28 19:45:00,766.217,11.777
2021/08/28 20:00:00,766.683,11.777
2021/08/28 20:15:00,766.800,11.777
2021/08/28 20:30:00,766.800,11.777
2021/08/28 20:45:00,766.975,11.777
2021/08/28 21:00:00,767.267,11.777
2021/08/28 21:15:00,767.733,11.777
2021/08/28 21:30:00,767.617,11.777
2021/08/28 21:45:00,767.733,11.777
2021/08/28 22:00:00,767.908,11.777
2021/08/28 22:15:00,767.908,11.777
2021/08/28 22:30:00,767.908,11.777
2021/08/28 22:45:00,767.908,11.783
2021/08/28 23:00:00,767.733,11.783
2021/08/28 23:15:00,768.083,11.783
2021/08/28 23:30:00,768.200,11.783
2021/08/28 23:45:00,768.200,11.783
2021/08/29 00:00:00,768.083,11.790
2021/08/29 00:15:00,768.200,11.790
2021/08/29 00:30:00,768.200,11.790
2021/08/29 00:45:00,768.083,11.790
2021/08/29 01:00:00,767.908,11.790
2021/08/29 01:15:00,768.083,11.790
2021/08/29 01:30:00,767.908,11.797
2021/08/29 01:45:00,767.908,11.797
2021/08/29 02:00:00,767.733,11.797
2021/08/29 02:15:00,767.733,11.803
2021/08/29 02:30:00,767.617,11.803
2021/08/29 02:45:00,767.733,11.803
2021/08/29 03:00:00,767.617,11.803
2021/08/29 03:15:00,767.617,11.803
2021/08/29 03:30:00,767.617,11.810
2021/08/29 03:45:00,767.617,11.810
2021/08/29 04:00:00,767.442,11.810
2021/08/29 04:15:00,767.267,11.810
2021/08/29 04:30:00,767.617,11.810
2021/08/29 04:45:00,767.617,11.817
2021/08/29 05:00:00,767.442,11.817
2021/08/29 05:15:00,767.267,11.817
2021/08/29 05:30:00,767.267,11.817
2021/08/29 05:45:00,767.617,11.817
2021/08/29 06:00:00,767.617,11.823
2021/08/29 06:15:00,767.442,11.823
2021/08/29 06:30:00,767.617,11.823
2021/08/29 06:45:00,767.617,11.823
2021/08/29 07:00:00,767.617,11.823
2021/08/29 07:15:00,767.733,11.823
2021/08/29 07:30:00,767.733,11.830
2021/08/29 07:45:00,767.908,11.830
2021/08/29 08:00:00,768.025,11.830
2021/08/29 08:15:00,768.025,11.830
2021/08/29 08:30:00,768.025,11.830
2021/08/29 08:45:00,768.025,11.830
2021/08/29 09:00:00,768.025,11.830
2021/08/29 09:15:00,768.025,11.830
2021/08/29 09:30:00,768.025,11.830
2021/08/29 09:45:00,768.200,11.830
2021/08/29 10:00:00,768.025,11.830
2021/08/29 10:15:00,768.025,11.837
2021/08/29 10:30:00,768.025,11.837
2021/08/29 10:45:00,768.025,11.837
2021/08/29 11:00:00,768.025,11.830
2021/08/29 11:15:00,768.200,11.837
2021/08/29 11:30:00,768.200,11.837
2021/08/29 11:45:00,768.375,11.837
2021/08/29 12:00:00,768.200,11.837
2021/08/29 12:15:00,768.375,11.830
2021/08/29 12:30:00,768.375,11.837
2021/08/29 12:45:00,768.025,11.830
2021/08/29 13:00:00,768.200,11.830
2021/08/29 13:15:00,768.025,11.830
2021/08/29 13:30:00,768.025,11.830
2021/08/29 13:45:00,768.025,11.830
2021/08/29 14:00:00,768.200,11.830
2021/08/29 14:15:00,768.025,11.830
2021/08/29 14:30:00,767.733,11.830
2021/08/29 14:45:00,767.733,11.830
2021/08/29 15:00:00,767.442,11.823
2021/08/29 15:15:00,767.267,11.823
2021/08/29 15:30:00,767.150,11.823
2021/08/29 15:45:00,767.150,11.823
2021/08/29 16:00:00,766.975,11.823
2021/08/29 16:15:00,766.975,11.817
2021/08/29 16:30:00,766.858,11.817
2021/08/29 16:45:00,767.150,11.817
2021/08/29 17:00:00,766.975,11.817
2021/08/29 17:15:00,766.975,11.817
2021/08/29 17:30:00,767.150,11.817
2021/08/29 17:45:00,766.975,11.810
2021/08/29 18:00:00,767.267,11.810
2021/08/29 18:15:00,767.267,11.810
2021/08/29 18:30:00,767.617,11.810
2021/08/29 18:45:00,768.025,11.810
2021/08/29 19:00:00,767.908,11.810
2021/08/29 19:15:00,768.025,11.803
2021/08/29 19:30:00,768.200,11.803
2021/08/29 19:45:00,767.908,11.803
2021/08/29 20:00:00,767.617,11.803
2021/08/29 20:15:00,767.617,11.803
2021/08/29 20:30:00,767.617,11.803
2021/08/29 20:45:00,767.617,11.803
2021/08/29 21:00:00,767.617,11.803
2021/08/29 21:15:00,768.375,11.803
2021/08/29 21:30:00,768.667,11.803
2021/08/29 21:45:00,768.492,11.803
2021/08/29 22:00:00,768.842,11.797
2021/08/29 22:15:00,768.842,11.803
2021/08/29 22:30:00,768.667,11.803
2021/08/29 22:45:00,768.958,11.797
2021/08/29 23:00:00,768.842,11.803
2021/08/29 23:15:00,768.667,11.803
2021/08/29 23:30:00,768.492,11.803
2021/08/29 23:45:00,768.492,11.803
2021/08/30 00:00:00,768.667,11.803
2021/08/30 00:15:00,768.492,11.803
2021/08/30 00:30:00,768.492,11.803
2021/08/30 00:45:00,768.200,11.810
2021/08/30 01:00:00,768.667,11.810
2021/08/30 01:15:00,768.375,11.810
2021/08/30 01:30:00,768.025,11.810
2021/08/30 01:45:00,768.025,11.810
2021/08/30 02:00:00,767.908,11.810
2021/08/30 02:15:00,767.733,11.810
2021/08/30 02:30:00,767.442,11.817
2021/08/30 02:45:00,767.617,11.817
2021/08/30 03:00:00,767.617,11.817
2021/08/30 03:15:00,767.442,11.817
2021/08/30 03:30:00,767.442,11.817
2021/08/30 03:45:00,767.442,11.817
2021/08/30 04:00:00,767.150,11.817
2021/08/30 04:15:00,767.267,11.823
2021/08/30 04:30:00,767.150,11.823
2021/08/30 04:45:00,766.858,11.823
2021/08/30 05:00:00,766.975,11.823
2021/08/30 05:15:00,766.858,11.823
2021/08/30 05:30:00,766.858,11.823
2021/08/30 05:45:00,766.975,11.823
2021/08/30 06:00:00,766.975,11.830
2021/08/30 06:15:00,766.975,11.830
2021/08/30 06:30:00,767.150,11.830
2021/08/30 06:45:00,767.150,11.830
2021/08/30 07:00:00,767.267,11.830
2021/08/30 07:15:00,767.267,11.830
2021/08/30 07:30:00,767.267,11.830
2021/08/30 07:45:00,767.267,11.837
2021/08/30 08:00:00,767.150,11.837
2021/08/30 08:15:00,767.267,11.837
2021/08/30 08:30:00,767.150,11.837
2021/08/30 08:45:00,767.150,11.837
2021/08/30 09:00:00,767.267,11.837
2021/08/30 09:15:00,767.150,11.837
2021/08/30 09:30:00,766.975,11.837
2021/08/30 09:45:00,767.150,11.837
2021/08/30 10:00:00,766.975,11.837
2021/08/30 10:15:00,767.150,11.837
2021/08/30 10:30:00,766.800,11.837
2021/08/30 10:45:00,766.800,11.837
2021/08/30 11:00:00,766.800,11.837
2021/08/30 11:15:00,766.683,11.837
2021/08/30 11:30:00,766.800,11.837
2021/08/30 11:45:00,766.683,11.837
2021/08/30 12:00:00,766.508,11.837
2021/08/30 12:15:00,766.508,11.837
2021/08/30 12:30:00,766.217,11.837
2021/08/30 12:45:00,766.042,11.837
2021/08/30 13:00:00,766.042,11.837
2021/08/30 13:15:00,765.575,11.837
2021/08/30 13:30:00,765.750,11.837
2021/08/30 13:45:00,765.575,11.837
2021/08/30 14:00:00,765.750,11.837
2021/08/30 14:15:00,765.458,11.830
2021/08/30 14:30:00,765.167,11.830
2021/08/30 14:45:00,765.575,11.830
2021/08/30 15:00:00,765.458,11.830
2021/08/30 15:15:00,765.167,11.830
2021/08/30 15:30:00,765.167,11.830
2021/08/30 15:45:00,764.817,11.830
2021/08/30 16:00:00,764.700,11.830
2021/08/30 16:15:00,764.817,11.830
2021/08/30 16:30:00,764.700,11.830
2021/08/30 16:45:00,764.525,11.823
2021/08/30 17:00:00,764.525,11.823
2021/08/30 17:15:00,764.525,11.823
2021/08/30 17:30:00,764.525,11.823
2021/08/30 17:45:00,764.525,11.823
2021/08/30 18:00:00,764.408,11.823
2021/08/30 18:15:00,764.233,11.817
2021/08/30 18:30:00,764.408,11.817
2021/08/30 18:45:00,764.525,11.817
2021/08/30 19:00:00,764.408,11.817
2021/08/30 19:15:00,764.525,11.817
2021/08/30 19:30:00,764.525,11.817
2021/08/30 19:45:00,764.700,11.817
2021/08/30 20:00:00,764.817,11.817
2021/08/30 20:15:00,764.700,11.817
2021/08/30 20:30:00,764.817,11.817
2021/08/30 20:45:00,764.992,11.817
2021/08/30 21:00:00,765.167,11.817
2021/08/30 21:15:00,765.458,11.817
2021/08/30 21:30:00,765.283,11.817
2021/08/30 21:45:00,765.458,11.817
2021/08/30 22:00:00,765.283,11.817
2021/08/30 22:15:00,765.283,11.817
2021/08/30 22:30:00,765.458,11.817
2021/08/30 22:45:00,765.283,11.817
2021/08/30 23:00:00,765.458,11.817
2021/08/30 23:15:00,765.458,11.817
2021/08/30 23:30:00,765.458,11.817
2021/08/30 23:45:00,765.458,11.817
2021/08/31 00:00:00,765.458,11.817
2021/08/31 00:15:00,765.458,11.817
2021/08/31 00:30:00,765.283,11.817
2021/08/31 00:45:00,765.458,11.817
2021/08/31 01:00:00,765.458,11.817
2021/08/31 01:15:00,765.458,11.817
2021/08/31 01:30:00,765.283,11.823
2021/08/31 01:45:00,765.167,11.823
2021/08/31 02:00:00,765.283,11.823
2021/08/31 02:15:00,765.283,11.823
2021/08/31 02:30:00,764.992,11.823
2021/08/31 02:45:00,764.817,11.823
2021/08/31 03:00:00,765.167,11.823
2021/08/31 03:15:00,764.817,11.823
2021/08/31 03:30:00,764.817,11.830
2021/08/31 03:45:00,764.700,11.830
2021/08/31 04:00:00,764.700,11.830
2021/08/31 04:15:00,764.525,11.830
2021/08/31 04:30:00,764.525,11.830
2021/08/31 04:45:00,764.525,11.830
2021/08/31 05:00:00,764.350,11.830
2021/08/31 05:15:00,764.350,11.830
2021/08/31 05:30:00,764.350,11.830
2021/08/31 05:45:00,764.350,11.830
2021/08/31 06:00:00,764.350,11.837
2021/08/31 06:15:00,764.525,11.837
2021/08/31 06:30:00,764.525,11.830
2021/08/31 06:45:00,764.700,11.837
2021/08/31 07:00:00,764.700,11.837
2021/08/31 07:15:00,764.817,11.837
2021/08/31 07:30:00,764.992,11.837
2021/08/31 07:45:00,764.817,11.837
2021/08/31 08:00:00,764.817,11.837
2021/08/31 08:15:00,764.992,11.837
2021/08/31 08:30:00,764.992,11.837
2021/08/31 08:45:00,764.817,11.837
2021/08/31 09:00:00,764.992,11.837
2021/08/31 09:15:00,764.992,11.837
2021/08/31 09:30:00,765.167,11.837
2021/08/31 09:45:00,765.167,11.837
2021/08/31 10:00:00,764.992,11.837
2021/08/31 10:15:00,765.283,11.837
2021/08/31 10:30:00,765.167,11.837
2021/08/31 10:45:00,764.992,11.837
2021/08/31 11:00:00,764.992,11.837
2021/08/31 11:15:00,764.992,11.837
2021/08/31 11:30:00,764.817,11.837
2021/08/31 11:45:00,764.700,11.837
2021/08/31 12:00:00,764.817,11.837
2021/08/31 12:15:00,764.700,11.837
2021/08/31 12:30:00,764.525,11.837
2021/08/31 12:45:00,764.233,11.837
2021/08/31 13:00:00,764.350,11.837
2021/08/31 13:15:00,764.058,11.837
2021/08/31 13:30:00,763.942,11.837
2021/08/31 13:45:00,763.942,11.837
2021/08/31 14:00:00,763.767,11.830
2021/08/31 14:15:00,764.233,11.830
2021/08/31 14:30:00,764.058,11.830
2021/08/31 14:45:00,764.233,11.830
2021/08/31 15:00:00,763.942,11.830
2021/08/31 15:15:00,763.592,11.830
2021/08/31 15:30:00,764.058,11.830
2021/08/31 15:45:00,764.233,11.823
2021/08/31 16:00:00,764.058,11.823
2021/08/31 16:15:00,763.942,11.823
2021/08/31 16:30:00,763.592,11.823
2021/08/31 16:45:00,763.767,11.823
2021/08/31 17:00:00,763.592,11.823
2021/08/31 17:15:00,763.767,11.823
2021/08/31 17:30:00,763.592,11.817
2021/08/31 17:45:00,763.300,11.817
2021/08/31 18:00:00,763.183,11.817
2021/08/31 18:15:00,763.183,11.817
2021/08/31 18:30:00,763.183,11.817
2021/08/31 18:45:00,763.300,11.817
2021/08/31 19:00:00,763.300,11.817
2021/08/31 19:15:00,763.300,11.810
2021/08/31 19:30:00,763.300,11.810
2021/08/31 19:45:00,763.300,11.810
2021/08/31 20:00:00,763.475,11.810
2021/08/31 20:15:00,763.592,11.810
2021/08/31 20:30:00,763.592,11.810
2021/08/31 20:45:00,763.942,11.810
2021/08/31 21:00:00,763.942,11.810
2021/08/31 21:15:00,763.942,11.810
2021/08/31 21:30:00,763.942,11.810
2021/08/31 21:45:00,764.058,11.810
2021/08/31 22:00:00,763.942,11.810
2021/08/31 22:15:00,764.233,11.810
2021/08/31 22:30:00,764.058,11.810
2021/08/31 22:45:00,764.058,11.810
2021/08/31 23:00:00,764.058,11.810
2021/08/31 23:15:00,764.233,11.810
2021/08/31 23:30:00,764.233,11.810
2021/08/31 23:45:00,764.058,11.810
2021/09/01 00:00:00,763.942,11.810
2021/09/01 00:15:00,764.058,11.810
2021/09/01 00:30:00,763.942,11.810
2021/09/01 00:45:00,763.942,11.810
2021/09/01 01:00:00,763.942,11.810
2021/09/01 01:15:00,763.767,11.810
2021/09/01 01:30:00,763.767,11.810
2021/09/01 01:45:00,763.592,11.810
2021/09/01 02:00:00,763.475,11.810
2021/09/01 02:15:00,763.592,11.810
2021/09/01 02:30:00,763.475,11.817
2021/09/01 02:45:00,763.475,11.817
2021/09/01 03:00:00,763.475,11.817
2021/09/01 03:15:00,763.592,11.817
2021/09/01 03:30:00,763.475,11.817
2021/09/01 03:45:00,763.183,11.817
2021/09/01 04:00:00,763.475,11.817
2021/09/01 04:15:00,763.300,11.817
2021/09/01 04:30:00,763.008,11.817
2021/09/01 04:45:00,763.183,11.817
2021/09/01 05:00:00,763.008,11.817
2021/09/01 05:15:00,762.833,11.817
2021/09/01 05:30:00,763.008,11.817
2021/09/01 05:45:00,763.008,11.817
2021/09/01 06:00:00,763.008,11.823
2021/09/01 06:15:00,763.008,11.823
2021/09/01 06:30:00,763.183,11.823
2021/09/01 06:45:00,763.183,11.823
2021/09/01 07:00:00,763.475,11.823
2021/09/01 07:15:00,763.767,11.823
2021/09/01 07:30:00,763.475,11.823
2021/09/01 07:45:00,763.592,11.823
2021/09/01 08:00:00,763.767,11.823
2021/09/01 08:15:00,763.592,11.823
2021/09/01 08:30:00,763.592,11.823
2021/09/01 08:45:00,763.592,11.823
2021/09/01 09:00:00,763.767,11.823
2021/09/01 09:15:00,763.475,11.823
2021/09/01 09:30:00,763.592,11.823
2021/09/01 09:45:00,763.942,11.823
2021/09/01 10:00:00,763.942,11.823
2021/09/01 10:15:00,764.233,11.823
2021/09/01 10:30:00,764.233,11.823
2021/09/01 10:45:00,764.058,11.823
2021/09/01 11:00:00,763.942,11.823
2021/09/01 11:15:00,763.942,11.823
2021/09/01 11:30:00,763.767,11.823
2021/09/01 11:45:00,763.592,11.823
2021/09/01 12:00:00,763.767,11.823
2021/09/01 12:15:00,763.767,11.817
2021/09/01 12:30:00,763.592,11.817
2021/09/01 12:45:00,763.592,11.817
2021/09/01 13:00:00,763.300,11.817
2021/09/01 13:15:00,763.300,11.817
2021/09/01 13:30:00,763.183,11.817
2021/09/01 13:45:00,763.008,11.817
2021/09/01 14:00:00,762.833,11.817
2021/09/01 14:15:00,762.542,11.817
2021/09/01 14:30:00,762.367,11.810
2021/09/01 14:45:00,762.075,11.810
2021/09/01 15:00:00,762.075,11.810
2021/09/01 15:15:00,761.783,11.810
2021/09/01 15:30:00,761.900,11.810
2021/09/01 15:45:00,762.075,11.810
2021/09/01 16:00:00,762.075,11.810
2021/09/01 16:15:00,762.075,11.803
2021/09/01 16:30:00,762.542,11.803
2021/09/01 16:45:00,762.833,11.803
2021/09/01 17:00:00,762.717,11.803
2021/09/01 17:15:00,762.367,11.803
2021/09/01 17:30:00,762.833,11.797
2021/09/01 17:45:00,763.008,11.797
2021/09/01 18:00:00,763.008,11.797
2021/09/01 18:15:00,763.125,11.797
2021/09/01 18:30:00,762.833,11.797
2021/09/01 18:45:00,762.833,11.790
2021/09/01 19:00:00,762.833,11.797
2021/09/01 19:15:00,762.717,11.790
2021/09/01 19:30:00,762.717,11.790
2021/09/01 19:45:00,763.008,11.790
2021/09/01 20:00:00,763.183,11.790
2021/09/01 20:15:00,763.300,11.790
2021/09/01 20:30:00,763.183,11.783
2021/09/01 20:45:00,763.475,11.783
2021/09/01 21:00:00,763.300,11.783
2021/09/01 21:15:00,763.183,11.783
2021/09/01 21:30:00,763.475,11.783
2021/09/01 21:45:00,763.300,11.783
2021/09/01 22:00:00,763.300,11.783
2021/09/01 22:15:00,763.592,11.783
2021/09/01 22:30:00,763.592,11.783
2021/09/01 22:45:00,763.767,11.777
2021/09/01 23:00:00,763.592,11.777
2021/09/01 23:15:00,763.767,11.777
2021/09/01 23:30:00,763.592,11.777
2021/09/01 23:45:00,763.767,11.777
2021/09/02 00:00:00,763.767,11.777
2021/09/02 00:15:00,763.942,11.777
2021/09/02 00:30:00,764.058,11.777
2021/09/02 00:45:00,764.058,11.777
2021/09/02 01:00:00,764.233,11.777
2021/09/02 01:15:00,764.058,11.777
2021/09/02 01:30:00,764.058,11.770
2021/09/02 01:45:00,764.058,11.777
2021/09/02 02:00:00,763.942,11.770
2021/09/02 02:15:00,763.592,11.770
2021/09/02 02:30:00,763.592,11.770
2021/09/02 02:45:00,763.942,11.770
2021/09/02 03:00:00,764.058,11.770
2021/09/02 03:15:00,763.942,11.770
2021/09/02 03:30:00,764.058,11.770
2021/09/02 03:45:00,764.233,11.770
2021/09/02 04:00:00,764.058,11.770
2021/09/02 04:15:00,763.942,11.770
2021/09/02 04:30:00,764.058,11.770
2021/09/02 04:45:00,764.058,11.770
2021/09/02 05:00:00,764.233,11.770
2021/09/02 05:15:00,764.233,11.770
2021/09/02 05:30:00,764.525,11.770
2021/09/02 05:45:00,764.233,11.770
2021/09/02 06:00:00,764.525,11.770
2021/09/02 06:15:00,764.700,11.763
2021/09/02 06:30:00,764.700,11.763
2021/09/02 06:45:00,764.817,11.763
2021/09/02 07:00:00,764.817,11.770
2021/09/02 07:15:00,765.167,11.763
2021/09/02 07:30:00,765.167,11.763
2021/09/02 07:45:00,765.283,11.763
2021/09/02 08:00:00,765.458,11.763
2021/09/02 08:15:00,765.283,11.763
2021/09/02 08:30:00,765.458,11.763
2021/09/02 08:45:00,765.633,11.757
2021/09/02 09:00:00,765.575,11.763
2021/09/02 09:15:00,765.633,11.757
2021/09/02 09:30:00,765.750,11.757
2021/09/02 09:45:00,765.925,11.757
2021/09/02 10:00:00,765.750,11.757
2021/09/02 10:15:00,765.750,11.757
2021/09/02 10:30:00,765.750,11.757
2021/09/02 10:45:00,765.750,11.757
2021/09/02 11:00:00,766.042,11.757
2021/09/02 11:15:00,766.042,11.750
2021/09/02 11:30:00,766.217,11.750
2021/09/02 11:45:00,766.042,11.750
2021/09/02 12:00:00,766.042,11.750
2021/09/02 12:15:00,766.042,11.750
2021/09/02 12:30:00,765.925,11.750
2021/09/02 12:45:00,765.925,11.750
2021/09/02 13:00:00,765.925,11.750
2021/09/02 13:15:00,765.750,11.743
2021/09/02 13:30:00,765.925,11.743
2021/09/02 13:45:00,765.925,11.743
2021/09/02 14:00:00,765.925,11.743
2021/09/02 14:15:00,765.750,11.743
2021/09/02 14:30:00,765.575,11.737
2021/09/02 14:45:00,765.575,11.737
2021/09/02 15:00:00,765.575,11.737
2021/09/02 15:15:00,765.458,11.730
2021/09/02 15:30:00,765.458,11.730
2021/09/02 15:45:00,765.283,11.730
2021/09/02 16:00:00,765.283,11.730
2021/09/02 16:15:00,765.283,11.730
2021/09/02 16:30:00,764.992,11.723
2021/09/02 16:45:00,764.992,11.723
2021/09/02 17:00:00,764.992,11.723
2021/09/02 17:15:00,765.167,11.717
2021/09/02 17:30:00,765.167,11.717
2021/09/02 17:45:00,764.992,11.717
2021/09/02 18:00:00,765.167,11.717
2021/09/02 18:15:00,765.283,11.710
2021/09/02 18:30:00,765.283,11.710
2021/09/02 18:45:00,765.283,11.710
2021/09/02 19:00:00,765.283,11.710
2021/09/02 19:15:00,765.283,11.703
2021/09/02 19:30:00,765.458,11.703
2021/09/02 19:45:00,765.458,11.703
2021/09/02 20:00:00,765.458,11.703
2021/09/02 20:15:00,765.458,11.703
2021/09/02 20:30:00,765.925,11.697
2021/09/02 20:45:00,765.925,11.697
2021/09/02 21:00:00,766.042,11.697
2021/09/02 21:15:00,766.392,11.697
2021/09/02 21:30:00,766.508,11.697
2021/09/02 21:45:00,766.392,11.690
2021/09/02 22:00:00,766.392,11.690
2021/09/02 22:15:00,766.217,11.690
2021/09/02 22:30:00,766.392,11.690
2021/09/02 22:45:00,766.508,11.690
2021/09/02 23:00:00,766.392,11.690
2021/09/02 23:15:00,766.392,11.683
2021/09/02 23:30:00,766.217,11.683
2021/09/02 23:45:00,766.392,11.683
2021/09/03 00:00:00,766.392,11.683
2021/09/03 00:15:00,766.392,11.683
2021/09/03 00:30:00,766.392,11.683
2021/09/03 00:45:00,766.392,11.683
2021/09/03 01:00:00,766.392,11.683
2021/09/03 01:15:00,766.508,11.683
2021/09/03 01:30:00,766.508,11.683
2021/09/03 01:45:00,766.508,11.683
2021/09/03 02:00:00,766.508,11.683
2021/09/03 02:15:00,766.508,11.683
2021/09/03 02:30:00,766.508,11.683
2021/09/03 02:45:00,766.508,11.683
2021/09/03 03:00:00,766.392,11.683
2021/09/03 03:15:00,766.508,11.683
2021/09/03 03:30:00,766.392,11.683
2021/09/03 03:45:00,766.508,11.683
2021/09/03 04:00:00,766.508,11.683
2021/09/03 04:15:00,766.683,11.683
2021/09/03 04:30:00,766.508,11.683
2021/09/03 04:45:00,766.508,11.683
2021/09/03 05:00:00,766.392,11.683
2021/09/03 05:15:00,766.508,11.683
2021/09/03 05:30:00,766.508,11.683
2021/09/03 05:45:00,766.683,11.683
2021/09/03 06:00:00,766.858,11.683
2021/09/03 06:15:00,766.858,11.683
2021/09/03 06:30:00,766.858,11.683
2021/09/03 06:45:00,766.858,11.683
2021/09/03 07:00:00,766.975,11.683
2021/09/03 07:15:00,767.267,11.683
2021/09/03 07:30:00,767.267,11.683
2021/09/03 07:45:00,767.442,11.683
2021/09/03 08:00:00,767.442,11.683
2021/09/03 08:15:00,767.267,11.683
2021/09/03 08:30:00,767.267,11.683
2021/09/03 08:45:00,767.617,11.683
2021/09/03 09:00:00,767.617,11.683
2021/09/03 09:15:00,767.617,11.683
2021/09/03 09:30:00,767.617,11.683
2021/09/03 09:45:00,767.617,11.683
2021/09/03 10:00:00,767.617,11.683
2021/09/03 10:15:00,767.617,11.683
2021/09/03 10:30:00,767.617,11.677
2021/09/03 10:45:00,767.617,11.683
2021/09/03 11:00:00,767.617,11.677
2021/09/03 11:15:00,767.733,11.677
2021/09/03 11:30:00,767.442,11.677
2021/09/03 11:45:00,767.617,11.677
2021/09/03 12:00:00,767.442,11.677
2021/09/03 12:15:00,767.442,11.677
2021/09/03 12:30:00,767.442,11.670
2021/09/03 12:45:00,767.442,11.670
2021/09/03 13:00:00,767.267,11.670
2021/09/03 13:15:00,766.975,11.670
2021/09/03 13:30:00,766.683,11.670
2021/09/03 13:45:00,766.800,11.670
2021/09/03 14:00:00,766.975,11.670
2021/09/03 14:15:00,766.683,11.663
2021/09/03 14:30:00,766.683,11.663
2021/09/03 14:45:00,766.392,11.663
2021/09/03 15:00:00,766.217,11.663
2021/09/03 15:15:00,766.042,11.657
2021/09/03 15:30:00,766.042,11.657
2021/09/03 15:45:00,766.333,11.657
2021/09/03 16:00:00,766.217,11.657
2021/09/03 16:15:00,765.925,11.650
2021/09/03 16:30:00,766.217,11.650
2021/09/03 16:45:00,766.217,11.650
2021/09/03 17:00:00,766.042,11.643
2021/09/03 17:15:00,766.217,11.643
2021/09/03 17:30:00,766.217,11.643
2021/09/03 17:45:00,766.217,11.643
2021/09/03 18:00:00,766.217,11.637
2021/09/03 18:15:00,766.217,11.637
2021/09/03 18:30:00,766.217,11.637
2021/09/03 18:45:00,766.042,11.637
2021/09/03 19:00:00,766.042,11.630
2021/09/03 19:15:00,766.217,11.630
2021/09/03 19:30:00,766.217,11.630
2021/09/03 19:45:00,766.217,11.630
2021/09/03 20:00:00,766.217,11.630
2021/09/03 20:15:00,766.508,11.623
2021/09/03 20:30:00,766.683,11.623
2021/09/03 20:45:00,766.800,11.617
2021/09/03 21:00:00,766.975,11.617
2021/09/03 21:15:00,767.150,11.617
2021/09/03 21:30:00,766.975,11.617
2021/09/03 21:45:00,767.267,11.617
2021/09/03 22:00:00,767.267,11.610
2021/09/03 22:15:00,767.442,11.610
2021/09/03 22:30:00,767.150,11.610
2021/09/03 22:45:00,766.975,11.610
2021/09/03 23:00:00,767.150,11.610
2021/09/03 23:15:00,766.975,11.610
2021/09/03 23:30:00,766.975,11.610
2021/09/03 23:45:00,767.150,11.610
2021/09/04 00:00:00,767.150,11.603
2021/09/04 00:15:00,767.150,11.610
2021/09/04 00:30:00,767.150,11.603
2021/09/04 00:45:00,766.975,11.610
2021/09/04 01:00:00,766.858,11.603
2021/09/04 01:15:00,766.858,11.603
2021/09/04 01:30:00,766.858,11.603
2021/09/04 01:45:00,766.858,11.603
2021/09/04 02:00:00,766.683,11.603
2021/09/04 02:15:00,766.683,11.603
2021/09/04 02:30:00,766.683,11.610
2021/09/04 02:45:00,766.858,11.603
2021/09/04 03:00:00,766.683,11.603
2021/09/04 03:15:00,766.683,11.610
2021/09/04 03:30:00,766.858,11.610
2021/09/04 03:45:00,766.858,11.610
2021/09/04 04:00:00,766.858,11.610
2021/09/04 04:15:00,766.975,11.610
2021/09/04 04:30:00,766.975,11.610
2021/09/04 04:45:00,766.975,11.610
2021/09/04 05:00:00,766.858,11.610
2021/09/04 05:15:00,767.150,11.610
2021/09/04 05:30:00,766.975,11.610
2021/09/04 05:45:00,766.975,11.610
2021/09/04 06:00:00,767.267,11.610
2021/09/04 06:15:00,767.150,11.610
2021/09/04 06:30:00,766.975,11.610
2021/09/04 06:45:00,767.150,11.610
2021/09/04 07:00:00,767.150,11.610
2021/09/04 07:15:00,767.267,11.617
2021/09/04 07:30:00,767.442,11.610
2021/09/04 07:45:00,767.908,11.617
2021/09/04 08:00:00,767.733,11.617
2021/09/04 08:15:00,767.908,11.617
2021/09/04 08:30:00,768.025,11.617
2021/09/04 08:45:00,767.908,11.617
2021/09/04 09:00:00,768.025,11.617
2021/09/04 09:15:00,768.375,11.617
2021/09/04 09:30:00,768.375,11.617
2021/09/04 09:45:00,768.375,11.617
2021/09/04 10:00:00,768.375,11.617
2021/09/04 10:15:00,768.200,11.617
2021/09/04 10:30:00,768.375,11.617
2021/09/04 10:45:00,768.200,11.617
2021/09/04 11:00:00,768.200,11.617
2021/09/04 11:15:00,768.375,11.617
2021/09/04 11:30:00,768.375,11.617
2021/09/04 11:45:00,768.492,11.617
2021/09/04 12:00:00,768.492,11.617
2021/09/04 12:15:00,768.200,11.617
2021/09/04 12:30:00,768.375,11.617
2021/09/04 12:45:00,768.200,11.617
2021/09/04 13:00:00,767.908,11.617
2021/09/04 13:15:00,766.800,11.617
2021/09/04 13:30:00,766.800,11.617
2021/09/04 13:45:00,767.150,11.617
2021/09/04 14:00:00,767.267,11.617
2021/09/04 14:15:00,767.150,11.610
2021/09/04 14:30:00,767.150,11.610
2021/09/04 14:45:00,766.858,11.610
2021/09/04 15:00:00,766.858,11.610
2021/09/04 15:15:00,766.683,11.610
2021/09/04 15:30:00,766.392,11.610
2021/09/04 15:45:00,766.392,11.603
2021/09/04 16:00:00,766.217,11.603
2021/09/04 16:15:00,766.217,11.603
2021/09/04 16:30:00,766.392,11.603
2021/09/04 16:45:00,766.508,11.603
2021/09/04 17:00:00,766.683,11.603
2021/09/04 17:15:00,766.508,11.603
2021/09/04 17:30:00,766.800,11.597
2021/09/04 17:45:00,766.800,11.597
2021/09/04 18:00:00,766.683,11.597
2021/09/04 18:15:00,766.683,11.597
2021/09/04 18:30:00,766.683,11.597
2021/09/04 18:45:00,766.800,11.597
2021/09/04 19:00:00,766.508,11.590
2021/09/04 19:15:00,766.683,11.590
2021/09/04 19:30:00,766.975,11.590
2021/09/04 19:45:00,767.150,11.590
2021/09/04 20:00:00,767.267,11.590
2021/09/04 20:15:00,767.617,11.590
2021/09/04 20:30:00,767.617,11.590
2021/09/04 20:45:00,767.733,11.583
2021/09/04 21:00:00,768.025,11.583
2021/09/04 21:15:00,768.200,11.583
2021/09/04 21:30:00,768.375,11.583
2021/09/04 21:45:00,768.200,11.583
2021/09/04 22:00:00,768.200,11.583
2021/09/04 22:15:00,768.492,11.583
2021/09/04 22:30:00,768.492,11.577
2021/09/04 22:45:00,768.492,11.577
2021/09/04 23:00:00,768.375,11.583
2021/09/04 23:15:00,768.492,11.583
2021/09/04 23:30:00,768.375,11.577
2021/09/04 23:45:00,768.375,11.577
2021/09/05 00:00:00,768.375,11.577
2021/09/05 00:15:00,768.200,11.583
2021/09/05 00:30:00,768.492,11.577
2021/09/05 00:45:00,768.375,11.577
2021/09/05 01:00:00,768.492,11.577
2021/09/05 01:15:00,768.200,11.577
2021/09/05 01:30:00,768.025,11.583
2021/09/05 01:45:00,767.908,11.583
2021/09/05 02:00:00,767.733,11.583
2021/09/05 02:15:00,767.442,11.583
2021/09/05 02:30:00,767.267,11.583
2021/09/05 02:45:00,767.267,11.583
2021/09/05 03:00:00,767.442,11.583
2021/09/05 03:15:00,767.442,11.583
2021/09/05 03:30:00,767.442,11.583
2021/09/05 03:45:00,767.442,11.583
2021/09/05 04:00:00,767.442,11.583
2021/09/05 04:15:00,767.442,11.590
2021/09/05 04:30:00,767.442,11.590
2021/09/05 04:45:00,767.442,11.590
2021/09/05 05:00:00,767.442,11.590
2021/09/05 05:15:00,767.617,11.590
2021/09/05 05:30:00,767.617,11.590
2021/09/05 05:45:00,767.617,11.590
2021/09/05 06:00:00,767.617,11.590
2021/09/05 06:15:00,767.617,11.590
2021/09/05 06:30:00,767.908,11.597
2021/09/05 06:45:00,767.908,11.597
2021/09/05 07:00:00,768.200,11.597
2021/09/05 07:15:00,768.200,11.597
2021/09/05 07:30:00,768.200,11.597
2021/09/05 07:45:00,768.375,11.597
2021/09/05 08:00:00,768.375,11.597
2021/09/05 08:15:00,768.492,11.597
2021/09/05 08:30:00,768.492,11.597
2021/09/05 08:45:00,768.375,11.603
2021/09/05 09:00:00,768.492,11.597
2021/09/05 09:15:00,768.375,11.603
2021/09/05 09:30:00,768.200,11.603
2021/09/05 09:45:00,768.375,11.603
2021/09/05 10:00:00,768.200,11.603
2021/09/05 10:15:00,768.550,11.603
2021/09/05 10:30:00,768.550,11.603
2021/09/05 10:45:00,768.667,11.603
2021/09/05 11:00:00,768.375,11.603
2021/09/05 11:15:00,768.667,11.603
2021/09/05 11:30:00,768.375,11.603
2021/09/05 11:45:00,768.375,11.603
2021/09/05 12:00:00,768.200,11.603
2021/09/05 12:15:00,768.083,11.603
2021/09/05 12:30:00,767.908,11.603
2021/09/05 12:45:00,767.442,11.603
2021/09/05 13:00:00,767.733,11.603
2021/09/05 13:15:00,767.617,11.603
2021/09/05 13:30:00,767.617,11.603
2021/09/05 13:45:00,767.733,11.603
2021/09/05 14:00:00,767.733,11.603
2021/09/05 14:15:00,767.733,11.603
2021/09/05 14:30:00,767.617,11.603
2021/09/05 14:45:00,767.617,11.603
2021/09/05 15:00:00,767.733,11.597
2021/09/05 15:15:00,767.558,11.597
2021/09/05 15:30:00,767.442,11.597
2021/09/05 15:45:00,767.442,11.597
2021/09/05 16:00:00,767.267,11.597
2021/09/05 16:15:00,767.267,11.590
2021/09/05 16:30:00,767.267,11.590
2021/09/05 16:45:00,767.267,11.590
2021/09/05 17:00:00,767.150,11.590
2021/09/05 17:15:00,767.150,11.590
2021/09/05 17:30:00,767.267,11.590
2021/09/05 17:45:00,767.267,11.590
2021/09/05 18:00:00,767.267,11.583
2021/09/05 18:15:00,767.267,11.583
2021/09/05 18:30:00,767.442,11.583
2021/09/05 18:45:00,767.617,11.583
2021/09/05 19:00:00,768.025,11.577
2021/09/05 19:15:00,767.908,11.577
2021/09/05 19:30:00,767.908,11.577
2021/09/05 19:45:00,768.200,11.577
2021/09/05 20:00:00,768.492,11.577
2021/09/05 20:15:00,768.667,11.577
2021/09/05 20:30:00,768.842,11.570
2021/09/05 20:45:00,768.667,11.570
2021/09/05 21:00:00,768.958,11.570
2021/09/05 21:15:00,769.133,11.570
2021/09/05 21:30:00,769.425,11.570
2021/09/05 21:45:00,769.425,11.570
2021/09/05 22:00:00,769.425,11.570
2021/09/05 22:15:00,769.600,11.563
2021/09/05 22:30:00,769.600,11.570
2021/09/05 22:45:00,769.600,11.563
2021/09/05 23:00:00,769.600,11.563
2021/09/05 23:15:00,769.600,11.563
2021/09/05 23:30:00,769.600,11.563
2021/09/05 23:45:00,769.600,11.563
2021/09/06 00:00:00,769.600,11.563
2021/09/06 00:15:00,769.425,11.563
2021/09/06 00:30:00,769.425,11.563
2021/09/06 00:45:00,769.600,11.570
2021/09/06 01:00:00,769.600,11.563
2021/09/06 01:15:00,769.775,11.570
2021/09/06 01:30:00,769.600,11.570
2021/09/06 01:45:00,769.308,11.570
2021/09/06 02:00:00,769.308,11.570
2021/09/06 02:15:00,769.425,11.570
2021/09/06 02:30:00,769.133,11.570
2021/09/06 02:45:00,769.308,11.570
2021/09/06 03:00:00,769.133,11.577
2021/09/06 03:15:00,769.133,11.577
2021/09/06 03:30:00,769.133,11.577
2021/09/06 03:45:00,768.958,11.577
2021/09/06 04:00:00,768.783,11.577
2021/09/06 04:15:00,768.783,11.577
2021/09/06 04:30:00,768.492,11.577
2021/09/06 04:45:00,768.667,11.577
2021/09/06 05:00:00,768.492,11.577
2021/09/06 05:15:00,768.375,11.583
2021/09/06 05:30:00,768.375,11.583
2021/09/06 05:45:00,768.375,11.583
2021/09/06 06:00:00,768.667,11.583
2021/09/06 06:15:00,768.375,11.583
2021/09/06 06:30:00,768.492,11.583
2021/09/06 06:45:00,768.667,11.583
2021/09/06 07:00:00,768.842,11.590
2021/09/06 07:15:00,768.958,11.590
2021/09/06 07:30:00,769.133,11.590
2021/09/06 07:45:00,769.133,11.590
2021/09/06 08:00:00,769.133,11.590
2021/09/06 08:15:00,768.958,11.590
2021/09/06 08:30:00,768.958,11.590
2021/09/06 08:45:00,769.133,11.590
2021/09/06 09:00:00,769.425,11.597
2021/09/06 09:15:00,769.425,11.597
2021/09/06 09:30:00,769.250,11.597
2021/09/06 09:45:00,769.425,11.597
2021/09/06 10:00:00,769.425,11.597
2021/09/06 10:15:00,769.425,11.597
2021/09/06 10:30:00,769.600,11.597
2021/09/06 10:45:00,769.425,11.597
2021/09/06 11:00:00,769.425,11.597
2021/09/06 11:15:00,769.425,11.597
2021/09/06 11:30:00,769.250,11.597
2021/09/06 11:45:00,769.250,11.597
2021/09/06 12:00:00,769.250,11.597
2021/09/06 12:15:00,768.958,11.597
2021/09/06 12:30:00,768.958,11.597
2021/09/06 12:45:00,768.200,11.597
2021/09/06 13:00:00,768.783,11.597
2021/09/06 13:15:00,768.958,11.597
2021/09/06 13:30:00,768.958,11.597
2021/09/06 13:45:00,768.667,11.597
2021/09/06 14:00:00,768.375,11.597
2021/09/06 14:15:00,768.375,11.597
2021/09/06 14:30:00,768.025,11.597
2021/09/06 14:45:00,767.442,11.597
2021/09/06 15:00:00,767.558,11.597
2021/09/06 15:15:00,767.267,11.590
2021/09/06 15:30:00,767.267,11.590
2021/09/06 15:45:00,767.267,11.590
2021/09/06 16:00:00,766.975,11.590
2021/09/06 16:15:00,766.800,11.590
2021/09/06 16:30:00,766.683,11.590
2021/09/06 16:45:00,766.800,11.590
2021/09/06 17:00:00,766.683,11.590
2021/09/06 17:15:00,766.683,11.590
2021/09/06 17:30:00,766.508,11.583
2021/09/06 17:45:00,766.508,11.583
2021/09/06 18:00:00,766.508,11.583
2021/09/06 18:15:00,766.392,11.583
2021/09/06 18:30:00,766.508,11.583
2021/09/06 18:45:00,766.508,11.583
2021/09/06 19:00:00,766.683,11.577
2021/09/06 19:15:00,766.683,11.577
2021/09/06 19:30:00,766.683,11.577
2021/09/06 19:45:00,766.683,11.577
2021/09/06 20:00:00,766.800,11.577
2021/09/06 20:15:00,766.975,11.570
2021/09/06 20:30:00,767.150,11.570
2021/09/06 20:45:00,767.150,11.570
2021/09/06 21:00:00,767.442,11.570
2021/09/06 21:15:00,767.442,11.570
2021/09/06 21:30:00,767.733,11.570
2021/09/06 21:45:00,767.617,11.570
2021/09/06 22:00:00,767.267,11.563
2021/09/06 22:15:00,767.267,11.570
2021/09/06 22:30:00,767.150,11.563
2021/09/06 22:45:00,767.267,11.563
2021/09/06 23:00:00,767.150,11.563
2021/09/06 23:15:00,767.150,11.563
2021/09/06 23:30:00,767.150,11.563
2021/09/06 23:45:00,767.150,11.563
2021/09/07 00:00:00,766.975,11.563
2021/09/07 00:15:00,767.267,11.563
2021/09/07 00:30:00,767.150,11.563
2021/09/07 00:45:00,767.267,11.563
2021/09/07 01:00:00,767.442,11.563
2021/09/07 01:15:00,767.267,11.563
2021/09/07 01:30:00,767.442,11.563
2021/09/07 01:45:00,767.267,11.570
2021/09/07 02:00:00,767.267,11.570
2021/09/07 02:15:00,767.267,11.570
2021/09/07 02:30:00,767.267,11.570
2021/09/07 02:45:00,767.150,11.570
2021/09/07 03:00:00,767.267,11.570
2021/09/07 03:15:00,767.267,11.570
2021/09/07 03:30:00,767.442,11.570
2021/09/07 03:45:00,767.442,11.570
2021/09/07 04:00:00,767.733,11.577
2021/09/07 04:15:00,767.442,11.577
2021/09/07 04:30:00,767.733,11.577
2021/09/07 04:45:00,767.442,11.577
2021/09/07 05:00:00,767.442,11.577
2021/09/07 05:15:00,767.442,11.577
2021/09/07 05:30:00,767.558,11.577
2021/09/07 05:45:00,767.617,11.583
2021/09/07 06:00:00,767.733,11.577
2021/09/07 06:15:00,767.617,11.583
2021/09/07 06:30:00,767.617,11.583
2021/09/07 06:45:00,767.733,11.583
2021/09/07 07:00:00,767.617,11.583
2021/09/07 07:15:00,767.908,11.583
2021/09/07 07:30:00,768.025,11.583
2021/09/07 07:45:00,768.025,11.583
2021/09/07 08:00:00,768.200,11.590
2021/09/07 08:15:00,768.375,11.590
2021/09/07 08:30:00,768.200,11.590
2021/09/07 08:45:00,768.025,11.590
2021/09/07 09:00:00,768.025,11.590
2021/09/07 09:15:00,768.375,11.590
2021/09/07 09:30:00,768.375,11.590
2021/09/07 09:45:00,768.492,11.590
2021/09/07 10:00:00,767.908,11.590
2021/09/07 10:15:00,768.025,11.590
2021/09/07 10:30:00,768.492,11.590
2021/09/07 10:45:00,768.492,11.590
2021/09/07 11:00:00,768.375,11.590
2021/09/07 11:15:00,768.667,11.590
2021/09/07 11:30:00,768.667,11.590
2021/09/07 11:45:00,768.492,11.590
2021/09/07 12:00:00,768.492,11.590
2021/09/07 12:15:00,768.375,11.590
2021/09/07 12:30:00,767.733,11.590
2021/09/07 12:45:00,767.150,11.590
2021/09/07 13:00:00,766.975,11.590
2021/09/07 13:15:00,766.975,11.590
2021/09/07 13:30:00,767.267,11.590
2021/09/07 13:45:00,767.733,11.583
2021/09/07 14:00:00,767.908,11.583
2021/09/07 14:15:00,767.733,11.583
2021/09/07 14:30:00,767.733,11.583
2021/09/07 14:45:00,767.733,11.583
2021/09/07 15:00:00,767.908,11.583
2021/09/07 15:15:00,767.908,11.577
2021/09/07 15:30:00,767.908,11.577
2021/09/07 15:45:00,767.733,11.577
2021/09/07 16:00:00,767.558,11.577
2021/09/07 16:15:00,767.442,11.577
2021/09/07 16:30:00,767.558,11.577
2021/09/07 16:45:00,767.267,11.570
2021/09/07 17:00:00,767.617,11.570
2021/09/07 17:15:00,767.733,11.570
2021/09/07 17:30:00,767.617,11.570
2021/09/07 17:45:00,767.617,11.563
2021/09/07 18:00:00,767.733,11.563
2021/09/07 18:15:00,767.617,11.563
2021/09/07 18:30:00,767.733,11.563
2021/09/07 18:45:00,767.908,11.557
2021/09/07 19:00:00,768.025,11.557
2021/09/07 19:15:00,767.908,11.557
2021/09/07 19:30:00,768.200,11.557
2021/09/07 19:45:00,768.200,11.550
2021/09/07 20:00:00,768.375,11.550
2021/09/07 20:15:00,768.375,11.550
2021/09/07 20:30:00,768.842,11.550
2021/09/07 20:45:00,768.842,11.550
2021/09/07 21:00:00,768.958,11.550
2021/09/07 21:15:00,769.133,11.550
2021/09/07 21:30:00,769.133,11.543
2021/09/07 21:45:00,769.250,11.543
2021/09/07 22:00:00,769.425,11.543
2021/09/07 22:15:00,769.250,11.543
2021/09/07 22:30:00,769.133,11.543
2021/09/07 22:45:00,769.133,11.543
2021/09/07 23:00:00,769.133,11.543
2021/09/07 23:15:00,769.133,11.543
2021/09/07 23:30:00,769.133,11.543
2021/09/07 23:45:00,769.133,11.543
2021/09/08 00:00:00,769.250,11.543
2021/09/08 00:15:00,769.250,11.543
2021/09/08 00:30:00,769.425,11.543
2021/09/08 00:45:00,769.250,11.543
2021/09/08 01:00:00,769.425,11.543
2021/09/08 01:15:00,769.425,11.543
2021/09/08 01:30:00,769.600,11.543
2021/09/08 01:45:00,769.600,11.543
2021/09/08 02:00:00,769.425,11.543
2021/09/08 02:15:00,769.425,11.550
2021/09/08 02:30:00,769.425,11.550
2021/09/08 02:45:00,769.425,11.550
2021/09/08 03:00:00,769.250,11.550
2021/09/08 03:15:00,769.250,11.550
2021/09/08 03:30:00,769.425,11.550
2021/09/08 03:45:00,769.600,11.557
2021/09/08 04:00:00,769.600,11.557
2021/09/08 04:15:00,769.600,11.557
2021/09/08 04:30:00,769.425,11.557
2021/09/08 04:45:00,769.600,11.557
2021/09/08 05:00:00,769.892,11.557
2021/09/08 05:15:00,769.892,11.557
2021/09/08 05:30:00,769.892,11.557
2021/09/08 05:45:00,769.717,11.563
2021/09/08 06:00:00,769.717,11.563
2021/09/08 06:15:00,769.892,11.563
2021/09/08 06:30:00,770.067,11.563
2021/09/08 06:45:00,770.067,11.563
2021/09/08 07:00:00,770.067,11.563
2021/09/08 07:15:00,770.183,11.570
2021/09/08 07:30:00,770.183,11.570
2021/09/08 07:45:00,770.533,11.570
2021/09/08 08:00:00,770.358,11.570
2021/09/08 08:15:00,770.533,11.570
2021/09/08 08:30:00,770.533,11.570
2021/09/08 08:45:00,770.475,11.577
2021/09/08 09:00:00,770.650,11.577
2021/09/08 09:15:00,770.475,11.577
2021/09/08 09:30:00,770.475,11.577
2021/09/08 09:45:00,770.475,11.577
2021/09/08 10:00:00,770.650,11.577
2021/09/08 10:15:00,770.650,11.577
2021/09/08 10:30:00,770.825,11.577
2021/09/08 10:45:00,770.825,11.577
2021/09/08 11:00:00,770.825,11.577
2021/09/08 11:15:00,770.650,11.577
2021/09/08 11:30:00,770.358,11.583
2021/09/08 11:45:00,770.475,11.577
2021/09/08 12:00:00,770.183,11.583
2021/09/08 12:15:00,770.358,11.583
2021/09/08 12:30:00,770.183,11.577
2021/09/08 12:45:00,769.717,11.583
2021/09/08 13:00:00,769.600,11.583
2021/09/08 13:15:00,769.717,11.577
2021/09/08 13:30:00,769.892,11.577
2021/09/08 13:45:00,769.600,11.577
2021/09/08 14:00:00,769.717,11.583
2021/09/08 14:15:00,769.892,11.577
2021/09/08 14:30:00,769.892,11.577
2021/09/08 14:45:00,769.600,11.577
2021/09/08 15:00:00,769.600,11.577
2021/09/08 15:15:00,769.250,11.577
2021/09/08 15:30:00,769.425,11.577
2021/09/08 15:45:00,769.250,11.577
2021/09/08 16:00:00,768.783,11.577
2021/09/08 16:15:00,768.667,11.570
2021/09/08 16:30:00,768.667,11.570
2021/09/08 16:45:00,768.667,11.570
2021/09/08 17:00:00,768.667,11.570
2021/09/08 17:15:00,768.667,11.570
2021/09/08 17:30:00,768.667,11.570
2021/09/08 17:45:00,768.667,11.570
2021/09/08 18:00:00,768.375,11.570
2021/09/08 18:15:00,768.550,11.570
2021/09/08 18:30:00,768.667,11.563
2021/09/08 18:45:00,768.667,11.563
2021/09/08 19:00:00,768.492,11.563
2021/09/08 19:15:00,768.492,11.563
2021/09/08 19:30:00,768.492,11.563
2021/09/08 19:45:00,768.492,11.563
2021/09/08 20:00:00,768.783,11.557
2021/09/08 20:15:00,768.958,11.557
2021/09/08 20:30:00,768.958,11.557
2021/09/08 20:45:00,769.250,11.557
2021/09/08 21:00:00,769.425,11.557
2021/09/08 21:15:00,769.600,11.557
2021/09/08 21:30:00,769.250,11.557
2021/09/08 21:45:00,769.600,11.557
2021/09/08 22:00:00,769.425,11.557
2021/09/08 22:15:00,769.425,11.557
2021/09/08 22:30:00,769.717,11.557
2021/09/08 22:45:00,769.892,11.557
2021/09/08 23:00:00,769.892,11.557
2021/09/08 23:15:00,769.892,11.557
2021/09/08 23:30:00,769.892,11.557
2021/09/08 23:45:00,769.892,11.557
2021/09/09 00:00:00,770.008,11.557
2021/09/09 00:15:00,769.892,11.557
2021/09/09 00:30:00,770.008,11.557
2021/09/09 00:45:00,770.008,11.557
2021/09/09 01:00:00,770.183,11.557
2021/09/09 01:15:00,770.008,11.557
2021/09/09 01:30:00,770.008,11.557
2021/09/09 01:45:00,769.892,11.563
2021/09/09 02:00:00,770.067,11.563
2021/09/09 02:15:00,769.892,11.563
2021/09/09 02:30:00,769.892,11.563
2021/09/09 02:45:00,769.892,11.563
2021/09/09 03:00:00,769.717,11.563
2021/09/09 03:15:00,769.892,11.570
2021/09/09 03:30:00,769.775,11.570
2021/09/09 03:45:00,769.775,11.570
2021/09/09 04:00:00,769.775,11.570
2021/09/09 04:15:00,769.775,11.570
2021/09/09 04:30:00,769.775,11.570
2021/09/09 04:45:00,769.717,11.577
2021/09/09 05:00:00,769.892,11.577
2021/09/09 05:15:00,769.892,11.577
2021/09/09 05:30:00,769.717,11.577
2021/09/09 05:45:00,769.892,11.577
2021/09/09 06:00:00,769.892,11.583
2021/09/09 06:15:00,769.892,11.583
2021/09/09 06:30:00,769.892,11.583
2021/09/09 06:45:00,769.892,11.583
2021/09/09 07:00:00,769.892,11.583
2021/09/09 07:15:00,770.067,11.583
2021/09/09 07:30:00,770.067,11.590
2021/09/09 07:45:00,770.067,11.590
2021/09/09 08:00:00,770.067,11.590
2021/09/09 08:15:00,770.067,11.590
2021/09/09 08:30:00,770.183,11.590
2021/09/09 08:45:00,770.358,11.590
2021/09/09 09:00:00,770.475,11.597
2021/09/09 09:15:00,770.475,11.597
2021/09/09 09:30:00,770.650,11.597
2021/09/09 09:45:00,770.650,11.597
2021/09/09 10:00:00,770.475,11.597
2021/09/09 10:15:00,770.183,11.597
2021/09/09 10:30:00,770.475,11.597
2021/09/09 10:45:00,770.650,11.597
2021/09/09 11:00:00,770.533,11.603
2021/09/09 11:15:00,770.358,11.603
2021/09/09 11:30:00,770.183,11.603
2021/09/09 11:45:00,770.067,11.603
2021/09/09 12:00:00,770.183,11.603
2021/09/09 12:15:00,770.067,11.603
2021/09/09 12:30:00,769.892,11.603
2021/09/09 12:45:00,769.425,11.603
2021/09/09 13:00:00,768.667,11.603
2021/09/09 13:15:00,768.667,11.603
2021/09/09 13:30:00,768.958,11.603
2021/09/09 13:45:00,769.425,11.603
2021/09/09 14:00:00,769.308,11.603
2021/09/09 14:15:00,769.133,11.603
2021/09/09 14:30:00,768.958,11.603
2021/09/09 14:45:00,768.958,11.603
2021/09/09 15:00:00,769.133,11.597
2021/09/09 15:15:00,768.958,11.603
2021/09/09 15:30:00,768.958,11.597
2021/09/09 15:45:00,768.667,11.597
2021/09/09 16:00:00,768.375,11.597
2021/09/09 16:15:00,768.375,11.597
2021/09/09 16:30:00,768.492,11.597
2021/09/09 16:45:00,768.375,11.597
2021/09/09 17:00:00,768.375,11.597
2021/09/09 17:15:00,768.200,11.590
2021/09/09 17:30:00,768.200,11.590
2021/09/09 17:45:00,768.025,11.590
2021/09/09 18:00:00,767.908,11.590
2021/09/09 18:15:00,768.025,11.590
2021/09/09 18:30:00,768.200,11.583
2021/09/09 18:45:00,768.200,11.583
2021/09/09 19:00:00,768.492,11.583
2021/09/09 19:15:00,768.375,11.583
2021/09/09 19:30:00,768.375,11.583
2021/09/09 19:45:00,768.200,11.583
2021/09/09 20:00:00,768.200,11.583
2021/09/09 20:15:00,768.375,11.583
2021/09/09 20:30:00,768.783,11.577
2021/09/09 20:45:00,768.958,11.577
2021/09/09 21:00:00,769.133,11.577
2021/09/09 21:15:00,768.958,11.577
2021/09/09 21:30:00,769.133,11.577
2021/09/09 21:45:00,769.250,11.577
2021/09/09 22:00:00,769.425,11.577
2021/09/09 22:15:00,769.250,11.577
2021/09/09 22:30:00,769.425,11.577
2021/09/09 22:45:00,769.425,11.577
2021/09/09 23:00:00,769.250,11.577
2021/09/09 23:15:00,769.425,11.577
2021/09/09 23:30:00,769.250,11.577
2021/09/09 23:45:00,769.425,11.577
2021/09/10 00:00:00,769.425,11.577
2021/09/10 00:15:00,769.425,11.583
2021/09/10 00:30:00,769.425,11.583
2021/09/10 00:45:00,769.250,11.583
2021/09/10 01:00:00,769.250,11.583
2021/09/10 01:15:00,769.425,11.583
2021/09/10 01:30:00,769.250,11.583
2021/09/10 01:45:00,769.600,11.583
2021/09/10 02:00:00,769.425,11.583
2021/09/10 02:15:00,769.250,11.590
2021/09/10 02:30:00,769.250,11.590
2021/09/10 02:45:00,769.600,11.590
2021/09/10 03:00:00,769.600,11.590
2021/09/10 03:15:00,769.600,11.590
2021/09/10 03:30:00,770.008,11.597
2021/09/10 03:45:00,770.008,11.597
2021/09/10 04:00:00,769.892,11.597
2021/09/10 04:15:00,769.892,11.597
2021/09/10 04:30:00,769.892,11.597
2021/09/10 04:45:00,769.892,11.603
2021/09/10 05:00:00,769.892,11.603
2021/09/10 05:15:00,769.892,11.603
2021/09/10 05:30:00,770.067,11.603
2021/09/10 05:45:00,770.183,11.603
2021/09/10 06:00:00,770.183,11.610
2021/09/10 06:15:00,770.358,11.610
2021/09/10 06:30:00,770.533,11.610
2021/09/10 06:45:00,770.533,11.610
2021/09/10 07:00:00,770.533,11.610
2021/09/10 07:15:00,770.942,11.617
2021/09/10 07:30:00,770.825,11.617
2021/09/10 07:45:00,771.117,11.617
2021/09/10 08:00:00,770.942,11.617
2021/09/10 08:15:00,771.117,11.617
2021/09/10 08:30:00,770.942,11.623
2021/09/10 08:45:00,771.292,11.623
2021/09/10 09:00:00,770.942,11.623
2021/09/10 09:15:00,770.942,11.623
2021/09/10 09:30:00,770.942,11.623
2021/09/10 09:45:00,770.942,11.623
2021/09/10 10:00:00,770.825,11.623
2021/09/10 10:15:00,770.825,11.630
2021/09/10 10:30:00,770.942,11.630
2021/09/10 10:45:00,771.117,11.630
2021/09/10 11:00:00,770.942,11.630
2021/09/10 11:15:00,770.942,11.630
2021/09/10 11:30:00,770.825,11.630
2021/09/10 11:45:00,770.825,11.630
2021/09/10 12:00:00,770.650,11.630
2021/09/10 12:15:00,770.358,11.630
2021/09/10 12:30:00,770.183,11.630
2021/09/10 12:45:00,770.067,11.630
2021/09/10 13:00:00,769.600,11.630
2021/09/10 13:15:00,769.600,11.630
2021/09/10 13:30:00,769.717,11.630
2021/09/10 13:45:00,769.892,11.630
2021/09/10 14:00:00,769.717,11.630
2021/09/10 14:15:00,769.600,11.630
2021/09/10 14:30:00,769.425,11.630
2021/09/10 14:45:00,769.133,11.630
2021/09/10 15:00:00,768.958,11.630
2021/09/10 15:15:00,768.958,11.623
2021/09/10 15:30:00,768.842,11.630
2021/09/10 15:45:00,768.667,11.623
2021/09/10 16:00:00,768.667,11.623
2021/09/10 16:15:00,768.492,11.623
2021/09/10 16:30:00,768.375,11.623
2021/09/10 16:45:00,768.200,11.623
2021/09/10 17:00:00,768.375,11.623
2021/09/10 17:15:00,768.200,11.623
2021/09/10 17:30:00,768.375,11.623
2021/09/10 17:45:00,768.375,11.617
2021/09/10 18:00:00,768.375,11.617
2021/09/10 18:15:00,768.492,11.617
2021/09/10 18:30:00,768.375,11.617
2021/09/10 18:45:00,768.375,11.617
2021/09/10 19:00:00,768.375,11.610
2021/09/10 19:15:00,768.550,11.610
2021/09/10 19:30:00,768.375,11.610
2021/09/10 19:45:00,768.550,11.610
2021/09/10 20:00:00,768.667,11.610
2021/09/10 20:15:00,768.667,11.610
2021/09/10 20:30:00,768.667,11.603
2021/09/10 20:45:00,768.842,11.603
2021/09/10 21:00:00,768.958,11.603
2021/09/10 21:15:00,769.133,11.603
2021/09/10 21:30:00,769.308,11.603
2021/09/10 21:45:00,769.425,11.603
2021/09/10 22:00:00,769.308,11.603
2021/09/10 22:15:00,769.133,11.603
2021/09/10 22:30:00,769.308,11.603
2021/09/10 22:45:00,768.958,11.603
2021/09/10 23:00:00,769.133,11.603
2021/09/10 23:15:00,769.133,11.603
2021/09/10 23:30:00,769.308,11.603
2021/09/10 23:45:00,769.308,11.603
2021/09/11 00:00:00,769.308,11.603
2021/09/11 00:15:00,769.425,11.603
2021/09/11 00:30:00,769.308,11.603
2021/09/11 00:45:00,769.308,11.610
2021/09/11 01:00:00,769.600,11.610
2021/09/11 01:15:00,769.308,11.610
2021/09/11 01:30:00,769.308,11.610
2021/09/11 01:45:00,769.308,11.610
2021/09/11 02:00:00,769.425,11.610
2021/09/11 02:15:00,769.600,11.617
2021/09/11 02:30:00,769.600,11.617
2021/09/11 02:45:00,769.425,11.617
2021/09/11 03:00:00,769.250,11.617
2021/09/11 03:15:00,769.250,11.617
2021/09/11 03:30:00,769.250,11.617
2021/09/11 03:45:00,769.425,11.617
2021/09/11 04:00:00,769.250,11.623
2021/09/11 04:15:00,769.250,11.623
2021/09/11 04:30:00,769.425,11.623
2021/09/11 04:45:00,769.425,11.623
2021/09/11 05:00:00,769.250,11.623
2021/09/11 05:15:00,769.425,11.630
2021/09/11 05:30:00,769.425,11.630
2021/09/11 05:45:00,769.600,11.630
2021/09/11 06:00:00,769.600,11.637
2021/09/11 06:15:00,769.717,11.637
2021/09/11 06:30:00,769.717,11.637
2021/09/11 06:45:00,769.717,11.637
2021/09/11 07:00:00,769.717,11.637
2021/09/11 07:15:00,769.775,11.643
2021/09/11 07:30:00,769.600,11.643
2021/09/11 07:45:00,769.600,11.643
2021/09/11 08:00:00,769.775,11.643
2021/09/11 08:15:00,769.892,11.643
2021/09/11 08:30:00,769.892,11.643
2021/09/11 08:45:00,770.067,11.650
2021/09/11 09:00:00,770.067,11.650
2021/09/11 09:15:00,770.067,11.650
2021/09/11 09:30:00,770.067,11.650
2021/09/11 09:45:00,770.183,11.650
2021/09/11 10:00:00,770.067,11.650
2021/09/11 10:15:00,770.067,11.650
2021/09/11 10:30:00,770.650,11.657
2021/09/11 10:45:00,770.650,11.657
2021/09/11 11:00:00,770.475,11.657
2021/09/11 11:15:00,770.475,11.657
2021/09/11 11:30:00,770.475,11.657
2021/09/11 11:45:00,770.183,11.657
2021/09/11 12:00:00,770.358,11.657
2021/09/11 12:15:00,770.475,11.657
2021/09/11 12:30:00,770.183,11.657
2021/09/11 12:45:00,769.717,11.657
2021/09/11 13:00:00,769.250,11.663
2021/09/11 13:15:00,769.133,11.657
2021/09/11 13:30:00,769.425,11.657
2021/09/11 13:45:00,769.250,11.663
2021/09/11 14:00:00,769.250,11.663
2021/09/11 14:15:00,769.133,11.663
2021/09/11 14:30:00,768.958,11.663
2021/09/11 14:45:00,768.492,11.663
2021/09/11 15:00:00,768.375,11.663
2021/09/11 15:15:00,768.667,11.657
2021/09/11 15:30:00,768.375,11.663
2021/09/11 15:45:00,768.492,11.657
2021/09/11 16:00:00,768.492,11.657
2021/09/11 16:15:00,768.375,11.657
2021/09/11 16:30:00,768.200,11.657
2021/09/11 16:45:00,768.200,11.657
2021/09/11 17:00:00,768.025,11.657
2021/09/11 17:15:00,768.200,11.657
2021/09/11 17:30:00,768.025,11.657
2021/09/11 17:45:00,767.908,11.657
2021/09/11 18:00:00,767.908,11.657
2021/09/11 18:15:00,767.733,11.650
2021/09/11 18:30:00,767.733,11.650
2021/09/11 18:45:00,767.908,11.650
2021/09/11 19:00:00,767.908,11.650
2021/09/11 19:15:00,767.908,11.650
2021/09/11 19:30:00,768.025,11.650
2021/09/11 19:45:00,768.025,11.650
2021/09/11 20:00:00,768.200,11.650
2021/09/11 20:15:00,768.200,11.650
2021/09/11 20:30:00,768.667,11.650
2021/09/11 20:45:00,768.667,11.650
2021/09/11 21:00:00,768.842,11.650
2021/09/11 21:15:00,768.842,11.643
2021/09/11 21:30:00,768.958,11.650
2021/09/11 21:45:00,769.308,11.643
2021/09/11 22:00:00,768.958,11.650
2021/09/11 22:15:00,768.958,11.650
2021/09/11 22:30:00,768.958,11.643
2021/09/11 22:45:00,769.133,11.650
2021/09/11 23:00:00,769.250,11.650
2021/09/11 23:15:00,768.958,11.650
2021/09/11 23:30:00,768.958,11.650
2021/09/11 23:45:00,768.958,11.650
2021/09/12 00:00:00,768.958,11.650
2021/09/12 00:15:00,768.842,11.650
2021/09/12 00:30:00,768.667,11.650
2021/09/12 00:45:00,768.842,11.650
2021/09/12 01:00:00,768.958,11.657
2021/09/12 01:15:00,768.667,11.657
2021/09/12 01:30:00,768.667,11.657
2021/09/12 01:45:00,768.667,11.657
2021/09/12 02:00:00,768.492,11.657
2021/09/12 02:15:00,768.492,11.657
2021/09/12 02:30:00,768.200,11.663
2021/09/12 02:45:00,768.375,11.663
2021/09/12 03:00:00,768.375,11.663
2021/09/12 03:15:00,768.200,11.663
2021/09/12 03:30:00,768.025,11.670
2021/09/12 03:45:00,768.200,11.670
2021/09/12 04:00:00,768.200,11.670
2021/09/12 04:15:00,768.375,11.670
2021/09/12 04:30:00,768.025,11.670
2021/09/12 04:45:00,768.083,11.677
2021/09/12 05:00:00,768.083,11.677
2021/09/12 05:15:00,768.083,11.677
2021/09/12 05:30:00,768.083,11.677
2021/09/12 05:45:00,768.083,11.683
2021/09/12 06:00:00,768.083,11.683
2021/09/12 06:15:00,768.083,11.683
2021/09/12 06:30:00,768.200,11.683
2021/09/12 06:45:00,768.200,11.690
2021/09/12 07:00:00,768.025,11.690
2021/09/12 07:15:00,767.908,11.690
2021/09/12 07:30:00,768.025,11.690
2021/09/12 07:45:00,768.200,11.690
2021/09/12 08:00:00,768.200,11.697
2021/09/12 08:15:00,768.375,11.697
2021/09/12 08:30:00,768.375,11.697
2021/09/12 08:45:00,768.375,11.697
2021/09/12 09:00:00,768.375,11.697
2021/09/12 09:15:00,768.375,11.697
2021/09/12 09:30:00,768.492,11.703
2021/09/12 09:45:00,768.200,11.703
2021/09/12 10:00:00,768.200,11.703
2021/09/12 10:15:00,768.492,11.703
2021/09/12 10:30:00,768.375,11.703
2021/09/12 10:45:00,768.375,11.703
2021/09/12 11:00:00,768.492,11.703
2021/09/12 11:15:00,768.492,11.703
2021/09/12 11:30:00,768.492,11.703
2021/09/12 11:45:00,768.375,11.710
2021/09/12 12:00:00,768.375,11.710
2021/09/12 12:15:00,768.200,11.710
2021/09/12 12:30:00,768.200,11.710
2021/09/12 12:45:00,767.908,11.710
2021/09/12 13:00:00,767.617,11.710
2021/09/12 13:15:00,767.733,11.710
2021/09/12 13:30:00,767.908,11.710
2021/09/12 13:45:00,768.083,11.710
2021/09/12 14:00:00,767.733,11.710
2021/09/12 14:15:00,767.442,11.710
2021/09/12 14:30:00,767.442,11.710
2021/09/12 14:45:00,767.150,11.710
2021/09/12 15:00:00,767.150,11.703
2021/09/12 15:15:00,767.150,11.710
2021/09/12 15:30:00,767.150,11.703
2021/09/12 15:45:00,766.683,11.703
2021/09/12 16:00:00,766.683,11.703
2021/09/12 16:15:00,766.508,11.703
2021/09/12 16:30:00,766.683,11.703
2021/09/12 16:45:00,766.508,11.703
2021/09/12 17:00:00,766.508,11.703
2021/09/12 17:15:00,766.683,11.703
2021/09/12 17:30:00,766.683,11.697
2021/09/12 17:45:00,766.683,11.697
2021/09/12 18:00:00,766.683,11.697
2021/09/12 18:15:00,766.508,11.697
2021/09/12 18:30:00,766.800,11.697
2021/09/12 18:45:00,766.683,11.697
2021/09/12 19:00:00,766.508,11.697
2021/09/12 19:15:00,766.508,11.690
2021/09/12 19:30:00,766.683,11.690
2021/09/12 19:45:00,766.508,11.690
2021/09/12 20:00:00,766.683,11.690
2021/09/12 20:15:00,766.683,11.690
2021/09/12 20:30:00,766.800,11.690
2021/09/12 20:45:00,766.800,11.690
2021/09/12 21:00:00,766.975,11.683
2021/09/12 21:15:00,766.975,11.683
2021/09/12 21:30:00,766.975,11.683
2021/09/12 21:45:00,767.150,11.683
2021/09/12 22:00:00,766.858,11.683
2021/09/12 22:15:00,766.858,11.683
2021/09/12 22:30:00,766.683,11.683
2021/09/12 22:45:00,766.683,11.683
2021/09/12 23:00:00,766.508,11.683
2021/09/12 23:15:00,766.508,11.683
2021/09/12 23:30:00,766.508,11.683
2021/09/12 23:45:00,766.683,11.683
2021/09/13 00:00:00,766.683,11.683
2021/09/13 00:15:00,766.392,11.683
2021/09/13 00:30:00,766.508,11.683
2021/09/13 00:45:00,766.683,11.683
2021/09/13 01:00:00,766.508,11.683
2021/09/13 01:15:00,766.392,11.683
2021/09/13 01:30:00,766.217,11.683
2021/09/13 01:45:00,766.217,11.683
2021/09/13 02:00:00,766.392,11.683
2021/09/13 02:15:00,766.392,11.690
2021/09/13 02:30:00,766.217,11.690
2021/09/13 02:45:00,766.217,11.690
2021/09/13 03:00:00,766.217,11.690
2021/09/13 03:15:00,766.217,11.690
2021/09/13 03:30:00,766.042,11.690
2021/09/13 03:45:00,766.042,11.690
2021/09/13 04:00:00,766.042,11.697
2021/09/13 04:15:00,765.925,11.697
2021/09/13 04:30:00,765.925,11.697
2021/09/13 04:45:00,765.750,11.697
2021/09/13 05:00:00,765.750,11.697
2021/09/13 05:15:00,765.750,11.697
2021/09/13 05:30:00,765.925,11.697
2021/09/13 05:45:00,765.750,11.703
2021/09/13 06:00:00,765.925,11.703
2021/09/13 06:15:00,765.750,11.703
2021/09/13 06:30:00,765.925,11.703
2021/09/13 06:45:00,765.925,11.703
2021/09/13 07:00:00,765.925,11.710
2021/09/13 07:15:00,766.042,11.710
2021/09/13 07:30:00,766.042,11.710
2021/09/13 07:45:00,765.925,11.710
2021/09/13 08:00:00,765.925,11.710
2021/09/13 08:15:00,766.042,11.710
2021/09/13 08:30:00,766.042,11.710
2021/09/13 08:45:00,766.042,11.710
2021/09/13 09:00:00,765.925,11.717
2021/09/13 09:15:00,765.925,11.717
2021/09/13 09:30:00,765.925,11.717
2021/09/13 09:45:00,766.042,11.717
2021/09/13 10:00:00,766.042,11.717
2021/09/13 10:15:00,766.042,11.717
2021/09/13 10:30:00,765.925,11.717
2021/09/13 10:45:00,765.750,11.717
2021/09/13 11:00:00,765.458,11.717
2021/09/13 11:15:00,765.575,11.723
2021/09/13 11:30:00,765.575,11.723
2021/09/13 11:45:00,765.575,11.723
2021/09/13 12:00:00,765.458,11.723
2021/09/13 12:15:00,765.575,11.723
2021/09/13 12:30:00,765.575,11.723
2021/09/13 12:45:00,765.283,11.723
2021/09/13 13:00:00,764.817,11.723
2021/09/13 13:15:00,765.167,11.723
2021/09/13 13:30:00,765.167,11.723
2021/09/13 13:45:00,764.992,11.723
2021/09/13 14:00:00,764.700,11.723
2021/09/13 14:15:00,764.700,11.717
2021/09/13 14:30:00,764.525,11.717
2021/09/13 14:45:00,764.408,11.717
2021/09/13 15:00:00,764.233,11.717
2021/09/13 15:15:00,764.058,11.717
2021/09/13 15:30:00,763.942,11.717
2021/09/13 15:45:00,763.592,11.717
2021/09/13 16:00:00,763.592,11.717
2021/09/13 16:15:00,763.592,11.717
2021/09/13 16:30:00,763.475,11.710
2021/09/13 16:45:00,763.475,11.710
2021/09/13 17:00:00,763.475,11.710
2021/09/13 17:15:00,763.300,11.710
2021/09/13 17:30:00,763.592,11.710
2021/09/13 17:45:00,763.475,11.710
2021/09/13 18:00:00,763.475,11.703
2021/09/13 18:15:00,763.592,11.703
2021/09/13 18:30:00,763.475,11.703
2021/09/13 18:45:00,763.475,11.703
2021/09/13 19:00:00,763.300,11.697
2021/09/13 19:15:00,763.300,11.697
2021/09/13 19:30:00,763.125,11.697
2021/09/13 19:45:00,763.125,11.697
2021/09/13 20:00:00,763.300,11.697
2021/09/13 20:15:00,763.300,11.690
2021/09/13 20:30:00,763.300,11.690
2021/09/13 20:45:00,763.592,11.690
2021/09/13 21:00:00,763.592,11.690
2021/09/13 21:15:00,763.592,11.690
2021/09/13 21:30:00,763.767,11.690
2021/09/13 21:45:00,763.592,11.690
2021/09/13 22:00:00,763.767,11.690
2021/09/13 22:15:00,763.767,11.690
2021/09/13 22:30:00,763.942,11.683
2021/09/13 22:45:00,763.767,11.683
2021/09/13 23:00:00,763.767,11.683
2021/09/13 23:15:00,763.942,11.683
2021/09/13 23:30:00,763.592,11.683
2021/09/13 23:45:00,763.592,11.683
2021/09/14 00:00:00,763.592,11.683
2021/09/14 00:15:00,763.475,11.683
2021/09/14 00:30:00,763.475,11.683
2021/09/14 00:45:00,763.475,11.683
2021/09/14 01:00:00,763.475,11.683
2021/09/14 01:15:00,763.183,11.683
2021/09/14 01:30:00,763.183,11.683
2021/09/14 01:45:00,763.300,11.683
2021/09/14 02:00:00,763.183,11.683
2021/09/14 02:15:00,763.183,11.683
2021/09/14 02:30:00,763.008,11.683
2021/09/14 02:45:00,763.183,11.683
2021/09/14 03:00:00,763.008,11.690
2021/09/14 03:15:00,763.008,11.690
2021/09/14 03:30:00,763.008,11.690
2021/09/14 03:45:00,763.008,11.690
2021/09/14 04:00:00,763.008,11.690
2021/09/14 04:15:00,763.008,11.690
2021/09/14 04:30:00,763.125,11.690
2021/09/14 04:45:00,763.125,11.690
2021/09/14 05:00:00,763.125,11.690
2021/09/14 05:15:00,763.125,11.697
2021/09/14 05:30:00,763.125,11.697
2021/09/14 05:45:00,763.300,11.697
2021/09/14 06:00:00,763.300,11.697
2021/09/14 06:15:00,763.592,11.697
2021/09/14 06:30:00,763.592,11.697
2021/09/14 06:45:00,763.475,11.697
2021/09/14 07:00:00,763.592,11.697
2021/09/14 07:15:00,763.942,11.697
2021/09/14 07:30:00,763.942,11.697
2021/09/14 07:45:00,763.942,11.697
2021/09/14 08:00:00,763.942,11.703
2021/09/14 08:15:00,764.058,11.703
2021/09/14 08:30:00,763.942,11.703
2021/09/14 08:45:00,764.058,11.703
2021/09/14 09:00:00,764.058,11.703
2021/09/14 09:15:00,764.233,11.703
2021/09/14 09:30:00,763.942,11.703
2021/09/14 09:45:00,764.233,11.703
2021/09/14 10:00:00,763.942,11.703
2021/09/14 10:15:00,763.767,11.710
2021/09/14 10:30:00,764.058,11.703
2021/09/14 10:45:00,764.058,11.710
2021/09/14 11:00:00,763.767,11.710
2021/09/14 11:15:00,763.942,11.710
2021/09/14 11:30:00,763.942,11.710
2021/09/14 11:45:00,763.942,11.710
2021/09/14 12:00:00,763.942,11.710
2021/09/14 12:15:00,763.592,11.710
2021/09/14 12:30:00,763.767,11.710
2021/09/14 12:45:00,763.475,11.710
2021/09/14 13:00:00,763.475,11.710
2021/09/14 13:15:00,763.300,11.710
2021/09/14 13:30:00,763.300,11.703
2021/09/14 13:45:00,763.008,11.710
2021/09/14 14:00:00,763.008,11.703
2021/09/14 14:15:00,763.008,11.703
2021/09/14 14:30:00,762.717,11.703
2021/09/14 14:45:00,762.717,11.703
2021/09/14 15:00:00,762.833,11.703
2021/09/14 15:15:00,762.717,11.703
2021/09/14 15:30:00,762.367,11.703
2021/09/14 15:45:00,762.367,11.703
2021/09/14 16:00:00,762.250,11.697
2021/09/14 16:15:00,762.075,11.697
2021/09/14 16:30:00,762.367,11.697
2021/09/14 16:45:00,762.250,11.697
2021/09/14 17:00:00,762.367,11.697
2021/09/14 17:15:00,762.075,11.697
2021/09/14 17:30:00,762.075,11.697
2021/09/14 17:45:00,762.250,11.697
2021/09/14 18:00:00,762.250,11.690
2021/09/14 18:15:00,762.250,11.690
2021/09/14 18:30:00,762.075,11.690
2021/09/14 18:45:00,762.250,11.690
2021/09/14 19:00:00,762.250,11.683
2021/09/14 19:15:00,762.250,11.683
2021/09/14 19:30:00,762.250,11.683
2021/09/14 19:45:00,762.367,11.683
2021/09/14 20:00:00,762.367,11.683
2021/09/14 20:15:00,762.717,11.683
2021/09/14 20:30:00,762.717,11.683
2021/09/14 20:45:00,763.008,11.677
2021/09/14 21:00:00,762.833,11.677
2021/09/14 21:15:00,763.008,11.677
2021/09/14 21:30:00,763.008,11.677
2021/09/14 21:45:00,762.833,11.677
2021/09/14 22:00:00,763.008,11.677
2021/09/14 22:15:00,763.008,11.677
2021/09/14 22:30:00,762.833,11.670
2021/09/14 22:45:00,763.008,11.670
2021/09/14 23:00:00,763.125,11.670
2021/09/14 23:15:00,763.008,11.670
2021/09/14 23:30:00,762.833,11.670
2021/09/14 23:45:00,762.833,11.670
2021/09/15 00:00:00,762.833,11.670
2021/09/15 00:15:00,763.008,11.670
2021/09/15 00:30:00,762.833,11.670
2021/09/15 00:45:00,762.833,11.670
2021/09/15 01:00:00,762.833,11.670
2021/09/15 01:15:00,762.717,11.670
2021/09/15 01:30:00,762.542,11.670
2021/09/15 01:45:00,762.542,11.670
2021/09/15 02:00:00,762.717,11.670
2021/09/15 02:15:00,762.250,11.677
2021/09/15 02:30:00,762.367,11.670
2021/09/15 02:45:00,762.367,11.670
2021/09/15 03:00:00,762.367,11.677
2021/09/15 03:15:00,762.542,11.677
2021/09/15 03:30:00,762.367,11.677
2021/09/15 03:45:00,762.542,11.677
2021/09/15 04:00:00,762.542,11.677
2021/09/15 04:15:00,762.833,11.677
2021/09/15 04:30:00,762.833,11.677
2021/09/15 04:45:00,762.833,11.677
2021/09/15 05:00:00,762.833,11.677
2021/09/15 05:15:00,762.833,11.677
2021/09/15 05:30:00,763.008,11.677
2021/09/15 05:45:00,763.008,11.683
2021/09/15 06:00:00,763.008,11.683
2021/09/15 06:15:00,763.183,11.683
2021/09/15 06:30:00,763.300,11.683
2021/09/15 06:45:00,763.183,11.683
2021/09/15 07:00:00,763.300,11.683
2021/09/15 07:15:00,763.300,11.683
2021/09/15 07:30:00,763.300,11.683
2021/09/15 07:45:00,763.300,11.690
2021/09/15 08:00:00,763.475,11.690
2021/09/15 08:15:00,763.300,11.690
2021/09/15 08:30:00,763.475,11.690
2021/09/15 08:45:00,763.300,11.690
2021/09/15 09:00:00,763.300,11.690
2021/09/15 09:15:00,763.300,11.690
2021/09/15 09:30:00,763.300,11.690
2021/09/15 09:45:00,763.300,11.690
2021/09/15 10:00:00,763.300,11.690
2021/09/15 10:15:00,763.125,11.690
2021/09/15 10:30:00,763.125,11.690
2021/09/15 10:45:00,763.125,11.690
2021/09/15 11:00:00,762.833,11.690
2021/09/15 11:15:00,763.008,11.690
2021/09/15 11:30:00,763.008,11.690
2021/09/15 11:45:00,762.833,11.690
2021/09/15 12:00:00,762.833,11.690
2021/09/15 12:15:00,762.717,11.690
2021/09/15 12:30:00,762.717,11.690
2021/09/15 12:45:00,762.542,11.690
2021/09/15 13:00:00,762.250,11.683
2021/09/15 13:15:00,762.075,11.690
2021/09/15 13:30:00,762.075,11.690
2021/09/15 13:45:00,761.900,11.683
2021/09/15 14:00:00,761.783,11.683
2021/09/15 14:15:00,761.608,11.683
2021/09/15 14:30:00,761.317,11.683
2021/09/15 14:45:00,761.317,11.683
2021/09/15 15:00:00,761.025,11.683
2021/09/15 15:15:00,760.850,11.683
2021/09/15 15:30:00,760.675,11.677
2021/09/15 15:45:00,760.675,11.677
2021/09/15 16:00:00,760.558,11.677
2021/09/15 16:15:00,760.383,11.670
2021/09/15 16:30:00,760.383,11.670
2021/09/15 16:45:00,760.383,11.670
2021/09/15 17:00:00,760.383,11.670
2021/09/15 17:15:00,760.383,11.670
2021/09/15 17:30:00,760.383,11.670
2021/09/15 17:45:00,760.558,11.663
2021/09/15 18:00:00,760.558,11.663
2021/09/15 18:15:00,760.558,11.663
2021/09/15 18:30:00,760.675,11.657
2021/09/15 18:45:00,760.558,11.657
2021/09/15 19:00:00,760.675,11.657
2021/09/15 19:15:00,760.675,11.657
2021/09/15 19:30:00,760.558,11.650
2021/09/15 19:45:00,760.675,11.650
2021/09/15 20:00:00,760.675,11.650
2021/09/15 20:15:00,760.850,11.650
2021/09/15 20:30:00,761.142,11.643
2021/09/15 20:45:00,761.317,11.643
2021/09/15 21:00:00,761.317,11.643
2021/09/15 21:15:00,761.492,11.643
2021/09/15 21:30:00,761.317,11.643
2021/09/15 21:45:00,761.492,11.643
2021/09/15 22:00:00,761.608,11.637
2021/09/15 22:15:00,761.433,11.637
2021/09/15 22:30:00,761.433,11.637
2021/09/15 22:45:00,761.317,11.637
2021/09/15 23:00:00,761.317,11.637
2021/09/15 23:15:00,761.025,11.630
2021/09/15 23:30:00,761.025,11.630
2021/09/15 23:45:00,760.675,11.630
2021/09/16 00:00:00,760.675,11.630
2021/09/16 00:15:00,760.850,11.630
2021/09/16 00:30:00,760.850,11.630
2021/09/16 00:45:00,760.675,11.630
2021/09/16 01:00:00,760.675,11.630
2021/09/16 01:15:00,760.675,11.630
2021/09/16 01:30:00,760.675,11.630
2021/09/16 01:45:00,760.558,11.630
2021/09/16 02:00:00,760.558,11.630
2021/09/16 02:15:00,760.558,11.630
2021/09/16 02:30:00,760.558,11.630
2021/09/16 02:45:00,760.558,11.630
2021/09/16 03:00:00,760.383,11.630
2021/09/16 03:15:00,760.267,11.630
2021/09/16 03:30:00,760.383,11.630
2021/09/16 03:45:00,760.092,11.630
2021/09/16 04:00:00,760.267,11.630
2021/09/16 04:15:00,760.267,11.630
2021/09/16 04:30:00,760.267,11.630
2021/09/16 04:45:00,760.092,11.630
2021/09/16 05:00:00,760.267,11.630
2021/09/16 05:15:00,760.092,11.630
2021/09/16 05:30:00,760.092,11.630
2021/09/16 05:45:00,760.267,11.630
2021/09/16 06:00:00,760.267,11.630
2021/09/16 06:15:00,760.383,11.630
2021/09/16 06:30:00,760.383,11.630
2021/09/16 06:45:00,760.267,11.630
2021/09/16 07:00:00,760.558,11.630
2021/09/16 07:15:00,760.558,11.630
2021/09/16 07:30:00,760.675,11.630
2021/09/16 07:45:00,760.675,11.637
2021/09/16 08:00:00,760.558,11.630
2021/09/16 08:15:00,760.675,11.630
2021/09/16 08:30:00,760.675,11.637
2021/09/16 08:45:00,760.675,11.637
2021/09/16 09:00:00,760.850,11.637
2021/09/16 09:15:00,760.675,11.637
2021/09/16 09:30:00,760.850,11.637
2021/09/16 09:45:00,761.025,11.637
2021/09/16 10:00:00,760.850,11.637
2021/09/16 10:15:00,761.142,11.637
2021/09/16 10:30:00,761.025,11.637
2021/09/16 10:45:00,761.142,11.637
2021/09/16 11:00:00,760.850,11.630
2021/09/16 11:15:00,761.025,11.637
2021/09/16 11:30:00,760.675,11.630
2021/09/16 11:45:00,760.675,11.630
2021/09/16 12:00:00,760.675,11.630
2021/09/16 12:15:00,760.675,11.630
2021/09/16 12:30:00,760.558,11.630
2021/09/16 12:45:00,760.383,11.630
2021/09/16 13:00:00,760.558,11.630
2021/09/16 13:15:00,760.383,11.630
2021/09/16 13:30:00,760.383,11.630
2021/09/16 13:45:00,760.558,11.630
2021/09/16 14:00:00,760.558,11.623
2021/09/16 14:15:00,760.558,11.623
2021/09/16 14:30:00,760.267,11.623
2021/09/16 14:45:00,760.383,11.623
2021/09/16 15:00:00,760.092,11.623
2021/09/16 15:15:00,759.917,11.623
2021/09/16 15:30:00,759.917,11.617
2021/09/16 15:45:00,760.092,11.617
2021/09/16 16:00:00,760.092,11.617
2021/09/16 16:15:00,759.800,11.610
2021/09/16 16:30:00,759.800,11.610
2021/09/16 16:45:00,759.917,11.610
2021/09/16 17:00:00,759.800,11.610
2021/09/16 17:15:00,759.917,11.610
2021/09/16 17:30:00,759.917,11.603
2021/09/16 17:45:00,759.917,11.603
2021/09/16 18:00:00,759.917,11.603
2021/09/16 18:15:00,760.208,11.597
2021/09/16 18:30:00,760.208,11.597
2021/09/16 18:45:00,760.383,11.597
2021/09/16 19:00:00,760.383,11.597
2021/09/16 19:15:00,760.383,11.590
2021/09/16 19:30:00,760.383,11.590
2021/09/16 19:45:00,760.558,11.590
2021/09/16 20:00:00,760.675,11.583
2021/09/16 20:15:00,760.675,11.583
2021/09/16 20:30:00,760.850,11.583
2021/09/16 20:45:00,761.025,11.583
2021/09/16 21:00:00,761.142,11.583
2021/09/16 21:15:00,761.142,11.583
2021/09/16 21:30:00,761.433,11.577
2021/09/16 21:45:00,761.433,11.577
2021/09/16 22:00:00,761.433,11.577
2021/09/16 22:15:00,761.317,11.577
2021/09/16 22:30:00,761.142,11.570
2021/09/16 22:45:00,761.317,11.570
2021/09/16 23:00:00,761.317,11.570
2021/09/16 23:15:00,761.492,11.570
2021/09/16 23:30:00,761.608,11.570
2021/09/16 23:45:00,761.608,11.570
2021/09/17 00:00:00,761.492,11.570
2021/09/17 00:15:00,761.492,11.570
2021/09/17 00:30:00,761.492,11.563
2021/09/17 00:45:00,761.492,11.563
2021/09/17 01:00:00,761.608,11.563
2021/09/17 01:15:00,761.608,11.563
2021/09/17 01:30:00,761.783,11.563
2021/09/17 01:45:00,761.783,11.563
2021/09/17 02:00:00,761.783,11.563
2021/09/17 02:15:00,761.783,11.563
2021/09/17 02:30:00,761.900,11.563
2021/09/17 02:45:00,762.075,11.563
2021/09/17 03:00:00,762.075,11.563
2021/09/17 03:15:00,762.250,11.557
2021/09/17 03:30:00,762.367,11.557
2021/09/17 03:45:00,762.250,11.557
2021/09/17 04:00:00,762.075,11.557
2021/09/17 04:15:00,762.250,11.557
2021/09/17 04:30:00,762.075,11.557
2021/09/17 04:45:00,762.250,11.557
2021/09/17 05:00:00,762.367,11.557
2021/09/17 05:15:00,762.658,11.557
2021/09/17 05:30:00,762.833,11.557
2021/09/17 05:45:00,762.833,11.563
2021/09/17 06:00:00,763.008,11.557
2021/09/17 06:15:00,763.008,11.563
2021/09/17 06:30:00,763.125,11.557
2021/09/17 06:45:00,763.125,11.563
2021/09/17 07:00:00,763.475,11.563
2021/09/17 07:15:00,763.592,11.563
2021/09/17 07:30:00,763.767,11.563
2021/09/17 07:45:00,763.767,11.563
2021/09/17 08:00:00,764.058,11.563
2021/09/17 08:15:00,764.233,11.563
2021/09/17 08:30:00,764.350,11.563
2021/09/17 08:45:00,764.350,11.563
2021/09/17 09:00:00,764.525,11.563
2021/09/17 09:15:00,764.525,11.563
2021/09/17 09:30:00,764.817,11.563
2021/09/17 09:45:00,764.817,11.563
2021/09/17 10:00:00,764.700,11.563
2021/09/17 10:15:00,764.992,11.563
2021/09/17 10:30:00,764.992,11.563
2021/09/17 10:45:00,764.992,11.563
2021/09/17 11:00:00,765.167,11.563
2021/09/17 11:15:00,764.992,11.563
2021/09/17 11:30:00,764.817,11.563
2021/09/17 11:45:00,765.283,11.557
2021/09/17 12:00:00,764.992,11.563
2021/09/17 12:15:00,765.108,11.557
2021/09/17 12:30:00,764.992,11.557
2021/09/17 12:45:00,764.817,11.557
2021/09/17 13:00:00,764.700,11.557
2021/09/17 13:15:00,764.700,11.557
2021/09/17 13:30:00,764.700,11.557
2021/09/17 13:45:00,764.525,11.557
2021/09/17 14:00:00,764.700,11.557
2021/09/17 14:15:00,764.350,11.550
2021/09/17 14:30:00,764.350,11.550
2021/09/17 14:45:00,764.233,11.550
2021/09/17 15:00:00,764.350,11.550
2021/09/17 15:15:00,764.350,11.543
2021/09/17 15:30:00,764.233,11.543
2021/09/17 15:45:00,764.525,11.543
2021/09/17 16:00:00,764.525,11.543
2021/09/17 16:15:00,764.700,11.543
2021/09/17 16:30:00,764.817,11.537
2021/09/17 16:45:00,764.992,11.537
2021/09/17 17:00:00,764.700,11.537
2021/09/17 17:15:00,764.817,11.537
2021/09/17 17:30:00,764.525,11.530
2021/09/17 17:45:00,764.525,11.530
2021/09/17 18:00:00,764.700,11.530
2021/09/17 18:15:00,764.700,11.523
2021/09/17 18:30:00,764.817,11.523
2021/09/17 18:45:00,764.817,11.523
2021/09/17 19:00:00,764.992,11.517
2021/09/17 19:15:00,764.817,11.523
2021/09/17 19:30:00,764.992,11.517
2021/09/17 19:45:00,765.108,11.517
2021/09/17 20:00:00,765.283,11.517
2021/09/17 20:15:00,765.458,11.510
2021/09/17 20:30:00,765.575,11.510
2021/09/17 20:45:00,765.458,11.510
2021/09/17 21:00:00,765.925,11.510
2021/09/17 21:15:00,765.925,11.503
2021/09/17 21:30:00,766.508,11.503
2021/09/17 21:45:00,766.858,11.503
2021/09/17 22:00:00,766.975,11.503
2021/09/17 22:15:00,766.975,11.503
2021/09/17 22:30:00,767.150,11.497
2021/09/17 22:45:00,766.975,11.497
2021/09/17 23:00:00,767.150,11.497
2021/09/17 23:15:00,767.150,11.497
2021/09/17 23:30:00,767.150,11.497
2021/09/17 23:45:00,767.150,11.497
2021/09/18 00:00:00,766.800,11.490
2021/09/18 00:15:00,766.800,11.490
2021/09/18 00:30:00,766.975,11.490
2021/09/18 00:45:00,766.800,11.490
2021/09/18 01:00:00,766.683,11.490
2021/09/18 01:15:00,766.800,11.490
2021/09/18 01:30:00,766.508,11.490
2021/09/18 01:45:00,766.508,11.490
2021/09/18 02:00:00,766.683,11.490
2021/09/18 02:15:00,766.508,11.490
2021/09/18 02:30:00,766.508,11.483
2021/09/18 02:45:00,766.392,11.490
2021/09/18 03:00:00,766.508,11.490
2021/09/18 03:15:00,766.392,11.483
2021/09/18 03:30:00,766.392,11.483
2021/09/18 03:45:00,766.217,11.483
2021/09/18 04:00:00,766.042,11.483
2021/09/18 04:15:00,766.042,11.483
2021/09/18 04:30:00,766.042,11.490
2021/09/18 04:45:00,766.042,11.490
2021/09/18 05:00:00,766.042,11.490
2021/09/18 05:15:00,766.217,11.490
2021/09/18 05:30:00,766.042,11.490
2021/09/18 05:45:00,766.042,11.490
2021/09/18 06:00:00,766.042,11.490
2021/09/18 06:15:00,766.042,11.490
2021/09/18 06:30:00,765.925,11.490
2021/09/18 06:45:00,766.042,11.490
2021/09/18 07:00:00,766.042,11.490
2021/09/18 07:15:00,766.392,11.490
2021/09/18 07:30:00,766.392,11.490
2021/09/18 07:45:00,766.508,11.490
2021/09/18 08:00:00,766.392,11.490
2021/09/18 08:15:00,766.508,11.490
2021/09/18 08:30:00,766.508,11.490
2021/09/18 08:45:00,766.508,11.490
2021/09/18 09:00:00,766.683,11.490
2021/09/18 09:15:00,766.508,11.490
2021/09/18 09:30:00,766.508,11.490
2021/09/18 09:45:00,766.683,11.490
2021/09/18 10:00:00,766.508,11.490
2021/09/18 10:15:00,766.508,11.490
2021/09/18 10:30:00,766.508,11.490
2021/09/18 10:45:00,766.508,11.490
2021/09/18 11:00:00,766.508,11.490
2021/09/18 11:15:00,766.683,11.490
2021/09/18 11:30:00,766.508,11.490
2021/09/18 11:45:00,766.392,11.490
2021/09/18 12:00:00,766.392,11.490
2021/09/18 12:15:00,766.217,11.483
2021/09/18 12:30:00,766.042,11.490
2021/09/18 12:45:00,766.217,11.483
2021/09/18 13:00:00,765.925,11.483
2021/09/18 13:15:00,765.750,11.483
2021/09/18 13:30:00,765.750,11.483
2021/09/18 13:45:00,765.458,11.483
2021/09/18 14:00:00,765.458,11.483
2021/09/18 14:15:00,765.283,11.483
2021/09/18 14:30:00,765.283,11.477
2021/09/18 14:45:00,764.992,11.477
2021/09/18 15:00:00,764.817,11.477
2021/09/18 15:15:00,764.817,11.477
2021/09/18 15:30:00,764.817,11.477
2021/09/18 15:45:00,764.525,11.470
2021/09/18 16:00:00,764.700,11.477
2021/09/18 16:15:00,764.525,11.470
2021/09/18 16:30:00,764.525,11.470
2021/09/18 16:45:00,764.525,11.463
2021/09/18 17:00:00,764.408,11.463
2021/09/18 17:15:00,764.058,11.463
2021/09/18 17:30:00,764.233,11.463
2021/09/18 17:45:00,763.942,11.463
2021/09/18 18:00:00,763.883,11.457
2021/09/18 18:15:00,764.058,11.457
2021/09/18 18:30:00,764.058,11.457
2021/09/18 18:45:00,764.058,11.457
2021/09/18 19:00:00,763.942,11.450
2021/09/18 19:15:00,763.767,11.450
2021/09/18 19:30:00,764.525,11.450
2021/09/18 19:45:00,764.525,11.443
2021/09/18 20:00:00,764.525,11.443
2021/09/18 20:15:00,764.525,11.443
2021/09/18 20:30:00,764.700,11.443
2021/09/18 20:45:00,764.817,11.443
2021/09/18 21:00:00,765.283,11.437
2021/09/18 21:15:00,765.575,11.437
2021/09/18 21:30:00,765.283,11.437
2021/09/18 21:45:00,764.992,11.437
2021/09/18 22:00:00,764.817,11.437
2021/09/18 22:15:00,764.817,11.437
2021/09/18 22:30:00,764.992,11.430
2021/09/18 22:45:00,764.525,11.430
2021/09/18 23:00:00,764.700,11.430
2021/09/18 23:15:00,764.525,11.430
2021/09/18 23:30:00,764.408,11.430
2021/09/18 23:45:00,764.408,11.430
2021/09/19 00:00:00,764.408,11.430
2021/09/19 00:15:00,764.233,11.427
2021/09/19 00:30:00,764.233,11.430
2021/09/19 00:45:00,764.058,11.427
2021/09/19 01:00:00,763.942,11.427
2021/09/19 01:15:00,763.942,11.427
2021/09/19 01:30:00,764.058,11.427
2021/09/19 01:45:00,763.942,11.427
2021/09/19 02:00:00,763.592,11.427
2021/09/19 02:15:00,763.475,11.427
2021/09/19 02:30:00,763.475,11.427
2021/09/19 02:45:00,763.592,11.427
2021/09/19 03:00:00,763.300,11.427
2021/09/19 03:15:00,763.475,11.427
2021/09/19 03:30:00,763.300,11.427
2021/09/19 03:45:00,763.008,11.427
2021/09/19 04:00:00,763.008,11.427
2021/09/19 04:15:00,763.183,11.430
2021/09/19 04:30:00,763.300,11.430
2021/09/19 04:45:00,763.300,11.430
2021/09/19 05:00:00,763.300,11.430
2021/09/19 05:15:00,763.183,11.430
2021/09/19 05:30:00,762.833,11.430
2021/09/19 05:45:00,762.833,11.430
2021/09/19 06:00:00,762.833,11.430
2021/09/19 06:15:00,763.300,11.437
2021/09/19 06:30:00,763.300,11.437
2021/09/19 06:45:00,763.125,11.437
2021/09/19 07:00:00,763.300,11.437
2021/09/19 07:15:00,763.592,11.437
2021/09/19 07:30:00,763.300,11.437
2021/09/19 07:45:00,763.592,11.437
2021/09/19 08:00:00,763.300,11.437
2021/09/19 08:15:00,763.008,11.443
2021/09/19 08:30:00,763.008,11.443
2021/09/19 08:45:00,762.717,11.443
2021/09/19 09:00:00,762.542,11.443
2021/09/19 09:15:00,762.717,11.443
2021/09/19 09:30:00,762.717,11.443
2021/09/19 09:45:00,762.717,11.450
2021/09/19 10:00:00,763.008,11.450
2021/09/19 10:15:00,762.833,11.450
2021/09/19 10:30:00,762.833,11.450
2021/09/19 10:45:00,762.717,11.450
2021/09/19 11:00:00,762.542,11.450
2021/09/19 11:15:00,762.367,11.450
2021/09/19 11:30:00,762.367,11.450
2021/09/19 11:45:00,762.250,11.450
2021/09/19 12:00:00,762.250,11.457
2021/09/19 12:15:00,762.075,11.457
2021/09/19 12:30:00,761.900,11.457
2021/09/19 12:45:00,761.900,11.457
2021/09/19 13:00:00,761.783,11.457
2021/09/19 13:15:00,761.783,11.457
2021/09/19 13:30:00,761.433,11.457
2021/09/19 13:45:00,761.317,11.457
2021/09/19 14:00:00,761.433,11.457
2021/09/19 14:15:00,761.142,11.457
2021/09/19 14:30:00,760.850,11.457
2021/09/19 14:45:00,760.850,11.457
2021/09/19 15:00:00,760.675,11.457
2021/09/19 15:15:00,760.558,11.457
2021/09/19 15:30:00,760.558,11.457
2021/09/19 15:45:00,760.383,11.457
2021/09/19 16:00:00,760.383,11.457
2021/09/19 16:15:00,760.092,11.457
2021/09/19 16:30:00,759.917,11.457
2021/09/19 16:45:00,759.917,11.457
2021/09/19 17:00:00,759.625,11.457
2021/09/19 17:15:00,759.450,11.457
2021/09/19 17:30:00,759.625,11.457
2021/09/19 17:45:00,759.333,11.457
2021/09/19 18:00:00,759.333,11.457
2021/09/19 18:15:00,759.333,11.457
2021/09/19 18:30:00,759.158,11.457
2021/09/19 18:45:00,758.983,11.457
2021/09/19 19:00:00,758.692,11.450
2021/09/19 19:15:00,759.158,11.457
2021/09/19 19:30:00,758.867,11.450
2021/09/19 19:45:00,759.158,11.457
2021/09/19 20:00:00,759.158,11.450
2021/09/19 20:15:00,759.158,11.450
2021/09/19 20:30:00,759.158,11.450
2021/09/19 20:45:00,759.158,11.450
2021/09/19 21:00:00,759.333,11.450
2021/09/19 21:15:00,759.450,11.450
2021/09/19 21:30:00,759.333,11.450
2021/09/19 21:45:00,759.625,11.457
2021/09/19 22:00:00,759.333,11.457
2021/09/19 22:15:00,759.333,11.450
2021/09/19 22:30:00,758.983,11.450
2021/09/19 22:45:00,758.983,11.450
2021/09/19 23:00:00,758.983,11.457
2021/09/19 23:15:00,758.983,11.457
2021/09/19 23:30:00,759.158,11.457
2021/09/19 23:45:00,759.158,11.457
2021/09/20 00:00:00,758.983,11.457
2021/09/20 00:15:00,758.867,11.457
2021/09/20 00:30:00,758.692,11.457
2021/09/20 00:45:00,758.867,11.457
2021/09/20 01:00:00,758.692,11.457
2021/09/20 01:15:00,758.867,11.457
2021/09/20 01:30:00,758.575,11.463
2021/09/20 01:45:00,758.692,11.463
2021/09/20 02:00:00,758.692,11.463
2021/09/20 02:15:00,758.575,11.463
2021/09/20 02:30:00,758.692,11.463
2021/09/20 02:45:00,758.692,11.463
2021/09/20 03:00:00,758.400,11.463
2021/09/20 03:15:00,758.575,11.463
2021/09/20 03:30:00,758.400,11.463
2021/09/20 03:45:00,758.225,11.470
2021/09/20 04:00:00,758.225,11.470
2021/09/20 04:15:00,757.933,11.470
2021/09/20 04:30:00,757.758,11.470
2021/09/20 04:45:00,757.642,11.470
2021/09/20 05:00:00,757.642,11.477
2021/09/20 05:15:00,758.108,11.477
2021/09/20 05:30:00,758.108,11.477
2021/09/20 05:45:00,757.933,11.477
2021/09/20 06:00:00,758.225,11.477
2021/09/20 06:15:00,758.225,11.477
2021/09/20 06:30:00,757.933,11.483
2021/09/20 06:45:00,757.933,11.483
2021/09/20 07:00:00,757.933,11.483
2021/09/20 07:15:00,757.933,11.483
2021/09/20 07:30:00,758.225,11.483
2021/09/20 07:45:00,758.575,11.490
2021/09/20 08:00:00,758.692,11.490
2021/09/20 08:15:00,758.692,11.490
2021/09/20 08:30:00,758.983,11.490
2021/09/20 08:45:00,759.333,11.490
2021/09/20 09:00:00,759.625,11.490
2021/09/20 09:15:00,759.450,11.490
2021/09/20 09:30:00,759.800,11.497
2021/09/20 09:45:00,759.800,11.497
2021/09/20 10:00:00,760.092,11.497
2021/09/20 10:15:00,759.917,11.497
2021/09/20 10:30:00,760.267,11.497
2021/09/20 10:45:00,760.092,11.497
2021/09/20 11:00:00,760.383,11.497
2021/09/20 11:15:00,760.383,11.497
2021/09/20 11:30:00,760.383,11.503
2021/09/20 11:45:00,760.383,11.503
2021/09/20 12:00:00,760.558,11.503
2021/09/20 12:15:00,760.383,11.503
2021/09/20 12:30:00,760.383,11.503
2021/09/20 12:45:00,760.092,11.503
2021/09/20 13:00:00,760.267,11.503
2021/09/20 13:15:00,760.558,11.503
2021/09/20 13:30:00,760.383,11.503
2021/09/20 13:45:00,760.383,11.503
2021/09/20 14:00:00,760.267,11.503
2021/09/20 14:15:00,760.558,11.503
2021/09/20 14:30:00,760.558,11.503
2021/09/20 14:45:00,760.675,11.503
2021/09/20 15:00:00,760.383,11.503
2021/09/20 15:15:00,760.675,11.503
2021/09/20 15:30:00,760.558,11.503
2021/09/20 15:45:00,760.675,11.503
2021/09/20 16:00:00,760.850,11.503
2021/09/20 16:15:00,761.142,11.497
2021/09/20 16:30:00,760.850,11.503
2021/09/20 16:45:00,761.025,11.497
2021/09/20 17:00:00,761.025,11.497
2021/09/20 17:15:00,761.142,11.497
2021/09/20 17:30:00,760.850,11.497
2021/09/20 17:45:00,761.142,11.497
2021/09/20 18:00:00,761.025,11.497
2021/09/20 18:15:00,760.850,11.497
2021/09/20 18:30:00,761.142,11.497
2021/09/20 18:45:00,761.025,11.497
2021/09/20 19:00:00,761.142,11.497
2021/09/20 19:15:00,761.317,11.497
2021/09/20 19:30:00,761.492,11.490
2021/09/20 19:45:00,761.783,11.497
2021/09/20 20:00:00,761.783,11.497
2021/09/20 20:15:00,762.075,11.490
2021/09/20 20:30:00,762.367,11.490
2021/09/20 20:45:00,762.542,11.490
2021/09/20 21:00:00,762.542,11.490
2021/09/20 21:15:00,762.833,11.490
2021/09/20 21:30:00,762.833,11.490
2021/09/20 21:45:00,763.008,11.490
2021/09/20 22:00:00,763.125,11.490
2021/09/20 22:15:00,763.300,11.490
2021/09/20 22:30:00,763.300,11.490
2021/09/20 22:45:00,763.592,11.490
2021/09/20 23:00:00,763.942,11.490
2021/09/20 23:15:00,763.942,11.490
2021/09/20 23:30:00,764.058,11.490
2021/09/20 23:45:00,764.350,11.490
2021/09/21 00:00:00,764.525,11.490
2021/09/21 00:15:00,764.525,11.483
2021/09/21 00:30:00,764.817,11.490
2021/09/21 00:45:00,764.700,11.490
2021/09/21 01:00:00,764.525,11.490
2021/09/21 01:15:00,764.350,11.490
2021/09/21 01:30:00,764.350,11.490
2021/09/21 01:45:00,764.350,11.490
2021/09/21 02:00:00,764.525,11.490
2021/09/21 02:15:00,764.350,11.490
2021/09/21 02:30:00,764.700,11.490
2021/09/21 02:45:00,764.700,11.490
2021/09/21 03:00:00,764.817,11.490
2021/09/21 03:15:00,764.700,11.490
2021/09/21 03:30:00,764.817,11.490
2021/09/21 03:45:00,764.992,11.490
2021/09/21 04:00:00,765.167,11.490
2021/09/21 04:15:00,765.167,11.497
2021/09/21 04:30:00,764.992,11.497
2021/09/21 04:45:00,765.167,11.497
2021/09/21 05:00:00,765.167,11.497
2021/09/21 05:15:00,765.458,11.497
2021/09/21 05:30:00,765.750,11.497
2021/09/21 05:45:00,766.042,11.497
2021/09/21 06:00:00,766.217,11.497
2021/09/21 06:15:00,766.508,11.497
2021/09/21 06:30:00,766.508,11.497
2021/09/21 06:45:00,766.683,11.497
2021/09/21 07:00:00,766.683,11.503
2021/09/21 07:15:00,766.508,11.503
2021/09/21 07:30:00,766.683,11.503
2021/09/21 07:45:00,767.150,11.503
2021/09/21 08:00:00,767.442,11.503
2021/09/21 08:15:00,767.442,11.503
2021/09/21 08:30:00,767.617,11.503
2021/09/21 08:45:00,767.617,11.503
2021/09/21 09:00:00,767.733,11.503
2021/09/21 09:15:00,767.733,11.503
2021/09/21 09:30:00,767.908,11.503
2021/09/21 09:45:00,768.083,11.503
2021/09/21 10:00:00,768.200,11.503
2021/09/21 10:15:00,768.200,11.503
2021/09/21 10:30:00,768.375,11.503
2021/09/21 10:45:00,768.550,11.503
2021/09/21 11:00:00,768.375,11.503
2021/09/21 11:15:00,768.375,11.503
2021/09/21 11:30:00,768.375,11.503
2021/09/21 11:45:00,768.550,11.503
2021/09/21 12:00:00,768.200,11.503
2021/09/21 12:15:00,768.375,11.503
2021/09/21 12:30:00,768.375,11.503
2021/09/21 12:45:00,768.375,11.503
2021/09/21 13:00:00,768.200,11.503
2021/09/21 13:15:00,768.375,11.497
2021/09/21 13:30:00,768.200,11.497
2021/09/21 13:45:00,768.375,11.497
2021/09/21 14:00:00,768.200,11.497
2021/09/21 14:15:00,768.200,11.497
2021/09/21 14:30:00,767.733,11.490
2021/09/21 14:45:00,767.908,11.490
2021/09/21 15:00:00,767.733,11.490
2021/09/21 15:15:00,767.908,11.490
2021/09/21 15:30:00,767.733,11.483
2021/09/21 15:45:00,767.733,11.483
2021/09/21 16:00:00,767.733,11.483
2021/09/21 16:15:00,767.908,11.477
2021/09/21 16:30:00,768.025,11.477
2021/09/21 16:45:00,767.908,11.477
2021/09/21 17:00:00,767.908,11.477
2021/09/21 17:15:00,767.908,11.470
2021/09/21 17:30:00,767.908,11.470
2021/09/21 17:45:00,767.908,11.470
2021/09/21 18:00:00,767.908,11.463
2021/09/21 18:15:00,767.908,11.463
2021/09/21 18:30:00,768.025,11.457
2021/09/21 18:45:00,768.375,11.457
2021/09/21 19:00:00,768.200,11.457
2021/09/21 19:15:00,768.200,11.450
2021/09/21 19:30:00,768.492,11.450
2021/09/21 19:45:00,768.492,11.443
2021/09/21 20:00:00,768.492,11.443
2021/09/21 20:15:00,768.842,11.443
2021/09/21 20:30:00,769.250,11.437
2021/09/21 20:45:00,769.425,11.437
2021/09/21 21:00:00,769.425,11.430
2021/09/21 21:15:00,769.600,11.430
2021/09/21 21:30:00,769.600,11.430
2021/09/21 21:45:00,769.600,11.427
2021/09/21 22:00:00,769.717,11.427
2021/09/21 22:15:00,769.600,11.427
2021/09/21 22:30:00,769.717,11.420
2021/09/21 22:45:00,769.892,11.420
2021/09/21 23:00:00,769.600,11.413
2021/09/21 23:15:00,769.600,11.413
2021/09/21 23:30:00,769.425,11.413
2021/09/21 23:45:00,769.425,11.413
2021/09/22 00:00:00,769.425,11.407
2021/09/22 00:15:00,769.308,11.407
2021/09/22 00:30:00,769.133,11.407
2021/09/22 00:45:00,769.133,11.407
2021/09/22 01:00:00,768.958,11.400
2021/09/22 01:15:00,768.958,11.400
2021/09/22 01:30:00,768.958,11.400
2021/09/22 01:45:00,768.842,11.393
2021/09/22 02:00:00,768.842,11.393
2021/09/22 02:15:00,768.667,11.393
2021/09/22 02:30:00,768.842,11.387
2021/09/22 02:45:00,768.667,11.387
2021/09/22 03:00:00,768.492,11.387
2021/09/22 03:15:00,768.492,11.387
2021/09/22 03:30:00,768.375,11.387
2021/09/22 03:45:00,768.375,11.380
2021/09/22 04:00:00,768.375,11.380
2021/09/22 04:15:00,768.200,11.380
2021/09/22 04:30:00,768.375,11.380
2021/09/22 04:45:00,768.492,11.380
2021/09/22 05:00:00,768.200,11.373
2021/09/22 05:15:00,768.375,11.380
2021/09/22 05:30:00,768.200,11.373
2021/09/22 05:45:00,768.083,11.373
2021/09/22 06:00:00,768.083,11.373
2021/09/22 06:15:00,768.200,11.373
2021/09/22 06:30:00,768.025,11.367
2021/09/22 06:45:00,768.025,11.367
2021/09/22 07:00:00,768.025,11.367
2021/09/22 07:15:00,768.200,11.367
2021/09/22 07:30:00,768.200,11.367
2021/09/22 07:45:00,768.025,11.367
2021/09/22 08:00:00,768.200,11.360
2021/09/22 08:15:00,768.200,11.360
2021/09/22 08:30:00,768.200,11.360
2021/09/22 08:45:00,768.492,11.360
2021/09/22 09:00:00,768.200,11.353
2021/09/22 09:15:00,768.200,11.353
2021/09/22 09:30:00,768.200,11.353
2021/09/22 09:45:00,768.200,11.353
2021/09/22 10:00:00,768.025,11.353
2021/09/22 10:15:00,768.025,11.347
2021/09/22 10:30:00,767.908,11.347
2021/09/22 10:45:00,767.733,11.347
2021/09/22 11:00:00,767.733,11.347
2021/09/22 11:15:00,767.908,11.340
2021/09/22 11:30:00,767.617,11.340
2021/09/22 11:45:00,767.617,11.340
2021/09/22 12:00:00,767.150,11.333
2021/09/22 12:15:00,767.267,11.333
2021/09/22 12:30:00,766.858,11.333
2021/09/22 12:45:00,766.508,11.327
2021/09/22 13:00:00,766.392,11.327
2021/09/22 13:15:00,766.392,11.327
2021/09/22 13:30:00,766.217,11.327
2021/09/22 13:45:00,766.042,11.320
2021/09/22 14:00:00,766.217,11.320
2021/09/22 14:15:00,766.042,11.320
2021/09/22 14:30:00,765.575,11.313
2021/09/22 14:45:00,765.575,11.307
2021/09/22 15:00:00,765.283,11.307
2021/09/22 15:15:00,765.167,11.307
2021/09/22 15:30:00,765.283,11.300
2021/09/22 15:45:00,765.283,11.300
2021/09/22 16:00:00,764.992,11.293
2021/09/22 16:15:00,764.817,11.293
2021/09/22 16:30:00,764.817,11.287
2021/09/22 16:45:00,764.700,11.287
2021/09/22 17:00:00,764.700,11.280
2021/09/22 17:15:00,764.525,11.280
2021/09/22 17:30:00,764.350,11.273
2021/09/22 17:45:00,764.233,11.273
2021/09/22 18:00:00,763.942,11.267
2021/09/22 18:15:00,763.942,11.267
2021/09/22 18:30:00,764.058,11.260
2021/09/22 18:45:00,763.942,11.260
2021/09/22 19:00:00,763.767,11.253
2021/09/22 19:15:00,763.767,11.253
2021/09/22 19:30:00,763.942,11.247
2021/09/22 19:45:00,763.942,11.247
2021/09/22 20:00:00,764.233,11.240
2021/09/22 20:15:00,764.058,11.240
2021/09/22 20:30:00,764.058,11.233
2021/09/22 20:45:00,763.942,11.233
2021/09/22 21:00:00,764.058,11.227
2021/09/22 21:15:00,764.233,11.227
2021/09/22 21:30:00,764.058,11.227
2021/09/22 21:45:00,763.883,11.220
2021/09/22 22:00:00,763.883,11.220
2021/09/22 22:15:00,763.942,11.213
2021/09/22 22:30:00,763.767,11.213
2021/09/22 22:45:00,763.592,11.207
2021/09/22 23:00:00,763.592,11.207
2021/09/22 23:15:00,763.592,11.200
2021/09/22 23:30:00,763.475,11.200
2021/09/22 23:45:00,763.300,11.200
2021/09/23 00:00:00,763.183,11.193
2021/09/23 00:15:00,763.008,11.193
2021/09/23 00:30:00,763.008,11.193
2021/09/23 00:45:00,762.717,11.187
2021/09/23 01:00:00,762.717,11.187
2021/09/23 01:15:00,762.833,11.187
2021/09/23 01:30:00,762.833,11.187
2021/09/23 01:45:00,762.833,11.180
2021/09/23 02:00:00,762.658,11.180
2021/09/23 02:15:00,762.542,11.180
2021/09/23 02:30:00,762.542,11.180
2021/09/23 02:45:00,762.542,11.173
2021/09/23 03:00:00,762.250,11.173
2021/09/23 03:15:00,762.250,11.173
2021/09/23 03:30:00,761.900,11.173
2021/09/23 03:45:00,761.900,11.167
2021/09/23 04:00:00,761.900,11.167
2021/09/23 04:15:00,761.900,11.167
2021/09/23 04:30:00,761.783,11.167
2021/09/23 04:45:00,761.783,11.167
2021/09/23 05:00:00,761.900,11.167
2021/09/23 05:15:00,761.900,11.160
2021/09/23 05:30:00,761.608,11.160
2021/09/23 05:45:00,761.900,11.160
2021/09/23 06:00:00,761.900,11.160
2021/09/23 06:15:00,761.608,11.153
2021/09/23 06:30:00,761.783,11.160
2021/09/23 06:45:00,761.900,11.153
2021/09/23 07:00:00,761.900,11.153
2021/09/23 07:15:00,761.900,11.153
2021/09/23 07:30:00,761.900,11.153
2021/09/23 07:45:00,761.900,11.153
2021/09/23 08:00:00,761.783,11.153
2021/09/23 08:15:00,761.900,11.147
2021/09/23 08:30:00,761.783,11.153
2021/09/23 08:45:00,761.608,11.147
2021/09/23 09:00:00,761.783,11.147
2021/09/23 09:15:00,761.783,11.147
2021/09/23 09:30:00,761.783,11.147
2021/09/23 09:45:00,761.900,11.147
2021/09/23 10:00:00,761.900,11.140
2021/09/23 10:15:00,761.900,11.140
2021/09/23 10:30:00,761.900,11.140
2021/09/23 10:45:00,762.075,11.140
2021/09/23 11:00:00,761.900,11.140
2021/09/23 11:15:00,761.783,11.140
2021/09/23 11:30:00,761.608,11.133
2021/09/23 11:45:00,761.317,11.133
2021/09/23 12:00:00,761.025,11.133
2021/09/23 12:15:00,761.025,11.133
2021/09/23 12:30:00,760.675,11.133
2021/09/23 12:45:00,760.850,11.127
2021/09/23 13:00:00,760.558,11.127
2021/09/23 13:15:00,760.675,11.127
2021/09/23 13:30:00,760.558,11.127
2021/09/23 13:45:00,760.383,11.120
2021/09/23 14:00:00,760.558,11.120
2021/09/23 14:15:00,760.383,11.120
2021/09/23 14:30:00,760.267,11.113
2021/09/23 14:45:00,760.092,11.113
2021/09/23 15:00:00,759.917,11.113
2021/09/23 15:15:00,759.917,11.107
2021/09/23 15:30:00,759.917,11.107
2021/09/23 15:45:00,759.917,11.100
2021/09/23 16:00:00,760.092,11.100
2021/09/23 16:15:00,760.092,11.100
2021/09/23 16:30:00,760.092,11.100
2021/09/23 16:45:00,759.917,11.093
2021/09/23 17:00:00,759.917,11.093
2021/09/23 17:15:00,759.917,11.087
2021/09/23 17:30:00,760.092,11.087
2021/09/23 17:45:00,760.092,11.080
2021/09/23 18:00:00,759.917,11.080
2021/09/23 18:15:00,760.092,11.080
2021/09/23 18:30:00,759.800,11.073
2021/09/23 18:45:00,759.800,11.073
2021/09/23 19:00:00,759.917,11.073
2021/09/23 19:15:00,759.917,11.067
2021/09/23 19:30:00,759.917,11.067
2021/09/23 19:45:00,760.092,11.067
2021/09/23 20:00:00,760.208,11.060
2021/09/23 20:15:00,760.208,11.060
2021/09/23 20:30:00,760.267,11.053
2021/09/23 20:45:00,760.558,11.053
2021/09/23 21:00:00,760.675,11.053
2021/09/23 21:15:00,760.383,11.047
2021/09/23 21:30:00,760.558,11.047
2021/09/23 21:45:00,760.850,11.047
2021/09/23 22:00:00,760.850,11.040
2021/09/23 22:15:00,760.850,11.040
2021/09/23 22:30:00,760.850,11.040
2021/09/23 22:45:00,760.850,11.033
2021/09/23 23:00:00,761.025,11.033
2021/09/23 23:15:00,761.317,11.033
2021/09/23 23:30:00,761.608,11.027
2021/09/23 23:45:00,761.492,11.027
2021/09/24 00:00:00,761.492,11.027
2021/09/24 00:15:00,761.608,11.027
2021/09/24 00:30:00,761.608,11.027
2021/09/24 00:45:00,761.783,11.020
2021/09/24 01:00:00,761.608,11.020
2021/09/24 01:15:00,761.433,11.020
2021/09/24 01:30:00,761.608,11.020
2021/09/24 01:45:00,761.492,11.013
2021/09/24 02:00:00,761.492,11.013
2021/09/24 02:15:00,761.142,11.013
2021/09/24 02:30:00,761.492,11.013
2021/09/24 02:45:00,761.608,11.013
2021/09/24 03:00:00,761.317,11.013
2021/09/24 03:15:00,761.142,11.013
2021/09/24 03:30:00,761.317,11.007
2021/09/24 03:45:00,761.142,11.007
2021/09/24 04:00:00,761.142,11.007
2021/09/24 04:15:00,761.317,11.007
2021/09/24 04:30:00,761.317,11.007
2021/09/24 04:45:00,761.317,11.007
2021/09/24 05:00:00,761.317,11.007
2021/09/24 05:15:00,761.317,11.007
2021/09/24 05:30:00,761.317,11.007
2021/09/24 05:45:00,761.317,11.007
2021/09/24 06:00:00,761.492,11.007
2021/09/24 06:15:00,761.783,11.000
2021/09/24 06:30:00,761.433,11.000
2021/09/24 06:45:00,761.608,11.000
2021/09/24 07:00:00,761.783,11.000
2021/09/24 07:15:00,761.783,11.000
2021/09/24 07:30:00,761.608,11.000
2021/09/24 07:45:00,761.608,11.007
2021/09/24 08:00:00,761.608,11.000
2021/09/24 08:15:00,761.783,11.000
2021/09/24 08:30:00,761.900,11.000
2021/09/24 08:45:00,762.075,11.000
2021/09/24 09:00:00,762.075,11.000
2021/09/24 09:15:00,762.075,11.000
2021/09/24 09:30:00,762.075,11.000
2021/09/24 09:45:00,762.250,11.000
2021/09/24 10:00:00,762.250,11.000
2021/09/24 10:15:00,762.367,11.000
2021/09/24 10:30:00,762.250,11.000
2021/09/24 10:45:00,762.250,11.000
2021/09/24 11:00:00,762.250,11.000
2021/09/24 11:15:00,762.367,11.000
2021/09/24 11:30:00,762.367,11.000
2021/09/24 11:45:00,761.900,10.993
2021/09/24 12:00:00,762.075,11.000
2021/09/24 12:15:00,761.900,10.993
2021/09/24 12:30:00,762.075,10.993
2021/09/24 12:45:00,761.900,10.993
2021/09/24 13:00:00,761.783,10.993
2021/09/24 13:15:00,761.900,10.993
2021/09/24 13:30:00,761.900,10.993
2021/09/24 13:45:00,761.900,10.993
2021/09/24 14:00:00,761.783,10.993
2021/09/24 14:15:00,761.900,10.993
2021/09/24 14:30:00,761.783,10.987
2021/09/24 14:45:00,761.783,10.987
2021/09/24 15:00:00,761.783,10.987
2021/09/24 15:15:00,761.900,10.987
2021/09/24 15:30:00,761.900,10.980
2021/09/24 15:45:00,761.900,10.980
2021/09/24 16:00:00,761.900,10.980
2021/09/24 16:15:00,761.900,10.980
2021/09/24 16:30:00,761.900,10.980
2021/09/24 16:45:00,761.900,10.973
2021/09/24 17:00:00,761.783,10.973
2021/09/24 17:15:00,761.783,10.973
2021/09/24 17:30:00,761.608,10.973
2021/09/24 17:45:00,761.783,10.973
2021/09/24 18:00:00,761.783,10.967
2021/09/24 18:15:00,761.900,10.967
2021/09/24 18:30:00,762.075,10.967
2021/09/24 18:45:00,762.250,10.967
2021/09/24 19:00:00,762.075,10.967
2021/09/24 19:15:00,762.367,10.960
2021/09/24 19:30:00,762.367,10.960
2021/09/24 19:45:00,762.367,10.960
2021/09/24 20:00:00,762.658,10.960
2021/09/24 20:15:00,762.542,10.953
2021/09/24 20:30:00,762.717,10.953
2021/09/24 20:45:00,762.833,10.953
2021/09/24 21:00:00,763.008,10.953
2021/09/24 21:15:00,763.008,10.953
2021/09/24 21:30:00,763.125,10.947
2021/09/24 21:45:00,763.125,10.947
2021/09/24 22:00:00,763.475,10.947
2021/09/24 22:15:00,763.008,10.947
2021/09/24 22:30:00,763.300,10.947
2021/09/24 22:45:00,763.592,10.947
2021/09/24 23:00:00,763.475,10.947
2021/09/24 23:15:00,763.767,10.947
2021/09/24 23:30:00,763.767,10.940
2021/09/24 23:45:00,763.942,10.940
2021/09/25 00:00:00,763.767,10.940
2021/09/25 00:15:00,763.942,10.940
2021/09/25 00:30:00,764.058,10.940
2021/09/25 00:45:00,763.942,10.940
2021/09/25 01:00:00,764.058,10.940
2021/09/25 01:15:00,763.942,10.940
2021/09/25 01:30:00,764.058,10.940
2021/09/25 01:45:00,764.058,10.940
2021/09/25 02:00:00,764.233,10.940
2021/09/25 02:15:00,763.942,10.933
2021/09/25 02:30:00,763.592,10.933
2021/09/25 02:45:00,763.942,10.940
2021/09/25 03:00:00,763.767,10.940
2021/09/25 03:15:00,763.942,10.940
2021/09/25 03:30:00,763.767,10.940
2021/09/25 03:45:00,763.767,10.940
2021/09/25 04:00:00,763.767,10.940
2021/09/25 04:15:00,763.767,10.940
2021/09/25 04:30:00,763.767,10.940
2021/09/25 04:45:00,763.592,10.940
2021/09/25 05:00:00,763.942,10.940
2021/09/25 05:15:00,763.942,10.940
2021/09/25 05:30:00,764.058,10.940
2021/09/25 05:45:00,763.942,10.940
2021/09/25 06:00:00,763.767,10.940
2021/09/25 06:15:00,763.767,10.940
2021/09/25 06:30:00,764.058,10.940
2021/09/25 06:45:00,764.058,10.940
2021/09/25 07:00:00,764.350,10.940
2021/09/25 07:15:00,764.350,10.940
2021/09/25 07:30:00,764.233,10.940
2021/09/25 07:45:00,764.350,10.940
2021/09/25 08:00:00,764.350,10.940
2021/09/25 08:15:00,764.525,10.940
2021/09/25 08:30:00,764.700,10.940
2021/09/25 08:45:00,764.817,10.940
2021/09/25 09:00:00,764.992,10.940
2021/09/25 09:15:00,764.992,10.940
2021/09/25 09:30:00,765.167,10.940
2021/09/25 09:45:00,764.817,10.940
2021/09/25 10:00:00,764.992,10.940
2021/09/25 10:15:00,764.992,10.940
2021/09/25 10:30:00,764.992,10.940
2021/09/25 10:45:00,764.992,10.940
2021/09/25 11:00:00,764.817,10.940
2021/09/25 11:15:00,764.817,10.940
2021/09/25 11:30:00,764.700,10.940
2021/09/25 11:45:00,764.525,10.940
2021/09/25 12:00:00,764.525,10.940
2021/09/25 12:15:00,764.350,10.940
2021/09/25 12:30:00,764.233,10.940
2021/09/25 12:45:00,764.233,10.940
2021/09/25 13:00:00,764.058,10.940
2021/09/25 13:15:00,764.058,10.940
2021/09/25 13:30:00,763.300,10.933
2021/09/25 13:45:00,763.592,10.933
2021/09/25 14:00:00,763.008,10.933
2021/09/25 14:15:00,763.008,10.933
2021/09/25 14:30:00,762.717,10.933
2021/09/25 14:45:00,762.717,10.933
2021/09/25 15:00:00,762.658,10.927
2021/09/25 15:15:00,762.833,10.927
2021/09/25 15:30:00,762.833,10.927
2021/09/25 15:45:00,762.658,10.927
2021/09/25 16:00:00,762.658,10.927
2021/09/25 16:15:00,762.367,10.927
2021/09/25 16:30:00,762.542,10.920
2021/09/25 16:45:00,762.658,10.920
2021/09/25 17:00:00,762.658,10.920
2021/09/25 17:15:00,762.658,10.920
2021/09/25 17:30:00,762.717,10.913
2021/09/25 17:45:00,762.833,10.913
2021/09/25 18:00:00,763.008,10.913
2021/09/25 18:15:00,762.833,10.913
2021/09/25 18:30:00,762.717,10.913
2021/09/25 18:45:00,762.833,10.907
2021/09/25 19:00:00,762.833,10.907
2021/09/25 19:15:00,763.008,10.907
2021/09/25 19:30:00,762.833,10.900
2021/09/25 19:45:00,763.008,10.900
2021/09/25 20:00:00,763.008,10.900
2021/09/25 20:15:00,763.008,10.900
2021/09/25 20:30:00,763.125,10.900
2021/09/25 20:45:00,763.008,10.893
2021/09/25 21:00:00,762.717,10.893
2021/09/25 21:15:00,762.717,10.893
2021/09/25 21:30:00,762.833,10.893
2021/09/25 21:45:00,762.833,10.893
2021/09/25 22:00:00,762.833,10.893
2021/09/25 22:15:00,763.008,10.887
2021/09/25 22:30:00,763.008,10.887
2021/09/25 22:45:00,762.833,10.887
2021/09/25 23:00:00,762.833,10.887
2021/09/25 23:15:00,762.658,10.887
2021/09/25 23:30:00,762.833,10.887
2021/09/25 23:45:00,762.542,10.887
2021/09/26 00:00:00,762.542,10.887
2021/09/26 00:15:00,762.367,10.887
2021/09/26 00:30:00,762.542,10.880
2021/09/26 00:45:00,762.075,10.880
2021/09/26 01:00:00,762.075,10.880
2021/09/26 01:15:00,761.900,10.880
2021/09/26 01:30:00,761.900,10.880
2021/09/26 01:45:00,761.783,10.880
2021/09/26 02:00:00,761.900,10.880
2021/09/26 02:15:00,761.783,10.880
2021/09/26 02:30:00,761.783,10.880
2021/09/26 02:45:00,761.608,10.880
2021/09/26 03:00:00,761.783,10.880
2021/09/26 03:15:00,761.608,10.880
2021/09/26 03:30:00,761.433,10.880
2021/09/26 03:45:00,761.317,10.880
2021/09/26 04:00:00,761.317,10.880
2021/09/26 04:15:00,761.317,10.880
2021/09/26 04:30:00,761.142,10.880
2021/09/26 04:45:00,761.142,10.880
2021/09/26 05:00:00,761.025,10.880
2021/09/26 05:15:00,761.025,10.880
2021/09/26 05:30:00,761.025,10.880
2021/09/26 05:45:00,760.850,10.880
2021/09/26 06:00:00,761.025,10.880
2021/09/26 06:15:00,761.025,10.880
2021/09/26 06:30:00,761.025,10.887
2021/09/26 06:45:00,761.025,10.880
2021/09/26 07:00:00,760.850,10.880
2021/09/26 07:15:00,761.025,10.887
2021/09/26 07:30:00,761.142,10.887
2021/09/26 07:45:00,761.142,10.887
2021/09/26 08:00:00,761.142,10.887
2021/09/26 08:15:00,761.317,10.887
2021/09/26 08:30:00,761.025,10.887
2021/09/26 08:45:00,761.142,10.887
2021/09/26 09:00:00,761.142,10.887
2021/09/26 09:15:00,761.433,10.887
2021/09/26 09:30:00,761.317,10.887
2021/09/26 09:45:00,761.433,10.887
2021/09/26 10:00:00,761.317,10.887
2021/09/26 10:15:00,761.433,10.887
2021/09/26 10:30:00,761.317,10.887
2021/09/26 10:45:00,761.433,10.887
2021/09/26 11:00:00,761.433,10.887
2021/09/26 11:15:00,761.608,10.887
2021/09/26 11:30:00,761.433,10.887
2021/09/26 11:45:00,761.608,10.887
2021/09/26 12:00:00,761.142,10.887
2021/09/26 12:15:00,761.142,10.887
2021/09/26 12:30:00,761.025,10.887
2021/09/26 12:45:00,760.850,10.887
2021/09/26 13:00:00,760.850,10.887
2021/09/26 13:15:00,760.558,10.887
2021/09/26 13:30:00,760.383,10.887
2021/09/26 13:45:00,760.208,10.887
2021/09/26 14:00:00,760.092,10.887
2021/09/26 14:15:00,760.208,10.887
2021/09/26 14:30:00,759.917,10.887
2021/09/26 14:45:00,759.800,10.887
2021/09/26 15:00:00,759.625,10.887
2021/09/26 15:15:00,759.625,10.887
2021/09/26 15:30:00,759.625,10.880
2021/09/26 15:45:00,759.450,10.880
2021/09/26 16:00:00,759.333,10.880
2021/09/26 16:15:00,759.450,10.880
2021/09/26 16:30:00,759.333,10.880
2021/09/26 16:45:00,759.333,10.880
2021/09/26 17:00:00,759.333,10.880
2021/09/26 17:15:00,759.158,10.873
2021/09/26 17:30:00,759.158,10.873
2021/09/26 17:45:00,759.158,10.873
2021/09/26 18:00:00,759.333,10.873
2021/09/26 18:15:00,759.333,10.873
2021/09/26 18:30:00,759.333,10.873
2021/09/26 18:45:00,759.450,10.873
2021/09/26 19:00:00,759.625,10.867
2021/09/26 19:15:00,759.625,10.867
2021/09/26 19:30:00,760.092,10.867
2021/09/26 19:45:00,759.917,10.867
2021/09/26 20:00:00,759.917,10.867
2021/09/26 20:15:00,760.383,10.860
2021/09/26 20:30:00,760.383,10.860
2021/09/26 20:45:00,760.383,10.860
2021/09/26 21:00:00,760.558,10.860
2021/09/26 21:15:00,760.850,10.860
2021/09/26 21:30:00,761.025,10.860
2021/09/26 21:45:00,761.142,10.853
2021/09/26 22:00:00,761.025,10.853
2021/09/26 22:15:00,761.492,10.853
2021/09/26 22:30:00,761.317,10.853
2021/09/26 22:45:00,760.850,10.853
2021/09/26 23:00:00,761.025,10.853
2021/09/26 23:15:00,761.025,10.853
2021/09/26 23:30:00,761.142,10.853
2021/09/26 23:45:00,760.850,10.847
2021/09/27 00:00:00,760.850,10.847
2021/09/27 00:15:00,760.675,10.847
2021/09/27 00:30:00,760.383,10.847
2021/09/27 00:45:00,760.383,10.847
2021/09/27 01:00:00,760.558,10.853
2021/09/27 01:15:00,760.558,10.853
2021/09/27 01:30:00,760.558,10.853
2021/09/27 01:45:00,760.383,10.847
2021/09/27 02:00:00,760.383,10.847
2021/09/27 02:15:00,760.558,10.847
2021/09/27 02:30:00,760.208,10.847
2021/09/27 02:45:00,760.208,10.847
2021/09/27 03:00:00,759.917,10.847
2021/09/27 03:15:00,760.092,10.847
2021/09/27 03:30:00,759.800,10.847
2021/09/27 03:45:00,759.917,10.847
2021/09/27 04:00:00,759.917,10.847
2021/09/27 04:15:00,759.800,10.847
2021/09/27 04:30:00,759.800,10.847
2021/09/27 04:45:00,759.625,10.847
2021/09/27 05:00:00,759.625,10.847
2021/09/27 05:15:00,759.625,10.847
2021/09/27 05:30:00,759.333,10.847
2021/09/27 05:45:00,759.450,10.847
2021/09/27 06:00:00,759.333,10.847
2021/09/27 06:15:00,759.333,10.847
2021/09/27 06:30:00,759.450,10.847
2021/09/27 06:45:00,759.450,10.840
2021/09/27 07:00:00,759.450,10.840
2021/09/27 07:15:00,759.450,10.840
2021/09/27 07:30:00,759.450,10.847
2021/09/27 07:45:00,759.625,10.847
2021/09/27 08:00:00,759.450,10.840
2021/09/27 08:15:00,759.450,10.847
2021/09/27 08:30:00,759.625,10.847
2021/09/27 08:45:00,759.450,10.840
2021/09/27 09:00:00,759.450,10.847
2021/09/27 09:15:00,759.450,10.847
2021/09/27 09:30:00,759.450,10.847
2021/09/27 09:45:00,759.333,10.847
2021/09/27 10:00:00,759.333,10.847
2021/09/27 10:15:00,759.333,10.847
2021/09/27 10:30:00,759.333,10.847
2021/09/27 10:45:00,759.333,10.847
2021/09/27 11:00:00,759.450,10.847
2021/09/27 11:15:00,759.333,10.847
2021/09/27 11:30:00,759.450,10.847
2021/09/27 11:45:00,759.333,10.847
2021/09/27 12:00:00,759.450,10.847
2021/09/27 12:15:00,759.158,10.847
2021/09/27 12:30:00,758.983,10.847
2021/09/27 12:45:00,759.158,10.847
2021/09/27 13:00:00,758.983,10.847
2021/09/27 13:15:00,758.867,10.840
2021/09/27 13:30:00,758.400,10.840
2021/09/27 13:45:00,758.400,10.840
2021/09/27 14:00:00,758.225,10.840
2021/09/27 14:15:00,758.108,10.840
2021/09/27 14:30:00,757.933,10.840
2021/09/27 14:45:00,757.758,10.840
2021/09/27 15:00:00,757.933,10.840
2021/09/27 15:15:00,757.642,10.840
2021/09/27 15:30:00,757.350,10.833
2021/09/27 15:45:00,757.175,10.833
2021/09/27 16:00:00,757.175,10.833
2021/09/27 16:15:00,757.175,10.833
2021/09/27 16:30:00,757.175,10.833
2021/09/27 16:45:00,757.000,10.833
2021/09/27 17:00:00,757.350,10.833
2021/09/27 17:15:00,757.350,10.833
2021/09/27 17:30:00,757.758,10.827
2021/09/27 17:45:00,757.642,10.827
2021/09/27 18:00:00,757.642,10.827
2021/09/27 18:15:00,757.467,10.827
2021/09/27 18:30:00,757.467,10.827
2021/09/27 18:45:00,757.758,10.827
2021/09/27 19:00:00,757.642,10.827
2021/09/27 19:15:00,757.642,10.820
2021/09/27 19:30:00,757.933,10.820
2021/09/27 19:45:00,758.108,10.820
2021/09/27 20:00:00,757.933,10.820
2021/09/27 20:15:00,757.933,10.820
2021/09/27 20:30:00,757.933,10.820
2021/09/27 20:45:00,757.933,10.813
2021/09/27 21:00:00,757.758,10.813
2021/09/27 21:15:00,757.758,10.813
2021/09/27 21:30:00,757.758,10.813
2021/09/27 21:45:00,757.758,10.813
2021/09/27 22:00:00,757.642,10.813
2021/09/27 22:15:00,757.758,10.813
2021/09/27 22:30:00,758.108,10.807
2021/09/27 22:45:00,757.758,10.807
2021/09/27 23:00:00,757.642,10.807
2021/09/27 23:15:00,757.758,10.807
2021/09/27 23:30:00,757.467,10.807
2021/09/27 23:45:00,757.642,10.807
2021/09/28 00:00:00,757.467,10.807
2021/09/28 00:15:00,757.350,10.800
2021/09/28 00:30:00,757.350,10.800
2021/09/28 00:45:00,757.175,10.800
2021/09/28 01:00:00,757.000,10.800
2021/09/28 01:15:00,756.708,10.800
2021/09/28 01:30:00,756.708,10.800
2021/09/28 01:45:00,756.417,10.800
2021/09/28 02:00:00,756.242,10.800
2021/09/28 02:15:00,756.533,10.800
2021/09/28 02:30:00,756.125,10.793
2021/09/28 02:45:00,755.775,10.793
2021/09/28 03:00:00,755.950,10.793
2021/09/28 03:15:00,755.775,10.793
2021/09/28 03:30:00,755.775,10.793
2021/09/28 03:45:00,755.483,10.793
2021/09/28 04:00:00,755.658,10.793
2021/09/28 04:15:00,755.308,10.793
2021/09/28 04:30:00,755.308,10.793
2021/09/28 04:45:00,755.308,10.793
2021/09/28 05:00:00,755.192,10.793
2021/09/28 05:15:00,755.483,10.787
2021/09/28 05:30:00,755.308,10.787
2021/09/28 05:45:00,755.192,10.793
2021/09/28 06:00:00,755.308,10.787
2021/09/28 06:15:00,755.308,10.787
2021/09/28 06:30:00,755.192,10.787
2021/09/28 06:45:00,755.308,10.787
2021/09/28 07:00:00,755.308,10.787
2021/09/28 07:15:00,755.192,10.787
2021/09/28 07:30:00,755.192,10.787
2021/09/28 07:45:00,755.192,10.787
2021/09/28 08:00:00,755.192,10.787
2021/09/28 08:15:00,755.192,10.787
2021/09/28 08:30:00,755.017,10.787
2021/09/28 08:45:00,755.192,10.787
2021/09/28 09:00:00,755.192,10.787
2021/09/28 09:15:00,755.192,10.780
2021/09/28 09:30:00,755.308,10.787
2021/09/28 09:45:00,755.483,10.787
2021/09/28 10:00:00,755.308,10.780
2021/09/28 10:15:00,755.308,10.780
2021/09/28 10:30:00,755.483,10.780
2021/09/28 10:45:00,755.658,10.780
2021/09/28 11:00:00,755.658,10.780
2021/09/28 11:15:00,755.483,10.780
2021/09/28 11:30:00,755.483,10.780
2021/09/28 11:45:00,755.192,10.780
2021/09/28 12:00:00,755.017,10.780
2021/09/28 12:15:00,754.900,10.773
2021/09/28 12:30:00,754.725,10.773
2021/09/28 12:45:00,754.258,10.773
2021/09/28 13:00:00,754.258,10.773
2021/09/28 13:15:00,753.967,10.773
2021/09/28 13:30:00,754.433,10.773
2021/09/28 13:45:00,754.258,10.773
2021/09/28 14:00:00,754.083,10.773
2021/09/28 14:15:00,753.967,10.773
2021/09/28 14:30:00,753.792,10.767
2021/09/28 14:45:00,753.675,10.767
2021/09/28 15:00:00,753.675,10.767
2021/09/28 15:15:00,753.675,10.767
2021/09/28 15:30:00,753.675,10.767
2021/09/28 15:45:00,753.675,10.760
2021/09/28 16:00:00,753.792,10.760
2021/09/28 16:15:00,753.792,10.760
2021/09/28 16:30:00,753.675,10.760
2021/09/28 16:45:00,753.792,10.760
2021/09/28 17:00:00,753.792,10.760
2021/09/28 17:15:00,753.675,10.753
2021/09/28 17:30:00,753.675,10.753
2021/09/28 17:45:00,753.675,10.753
2021/09/28 18:00:00,753.967,10.753
2021/09/28 18:15:00,754.258,10.747
2021/09/28 18:30:00,754.083,10.747
2021/09/28 18:45:00,754.258,10.747
2021/09/28 19:00:00,754.083,10.740
2021/09/28 19:15:00,754.083,10.740
2021/09/28 19:30:00,754.258,10.740
2021/09/28 19:45:00,754.433,10.740
2021/09/28 20:00:00,754.550,10.740
2021/09/28 20:15:00,754.550,10.740
2021/09/28 20:30:00,754.550,10.733
2021/09/28 20:45:00,754.725,10.733
2021/09/28 21:00:00,754.550,10.733
2021/09/28 21:15:00,754.900,10.727
2021/09/28 21:30:00,754.900,10.727
2021/09/28 21:45:00,755.017,10.727
2021/09/28 22:00:00,754.550,10.727
2021/09/28 22:15:00,754.725,10.727
2021/09/28 22:30:00,755.017,10.727
2021/09/28 22:45:00,754.900,10.727
2021/09/28 23:00:00,754.900,10.720
2021/09/28 23:15:00,755.017,10.720
2021/09/28 23:30:00,755.192,10.720
2021/09/28 23:45:00,754.900,10.720
2021/09/29 00:00:00,754.900,10.720
2021/09/29 00:15:00,754.725,10.713
2021/09/29 00:30:00,754.900,10.713
2021/09/29 00:45:00,754.725,10.713
2021/09/29 01:00:00,754.550,10.713
2021/09/29 01:15:00,754.550,10.713
2021/09/29 01:30:00,754.725,10.713
2021/09/29 01:45:00,754.900,10.710
2021/09/29 02:00:00,754.900,10.710
2021/09/29 02:15:00,754.900,10.710
2021/09/29 02:30:00,755.192,10.710
2021/09/29 02:45:00,755.192,10.710
2021/09/29 03:00:00,755.192,10.710
2021/09/29 03:15:00,755.192,10.703
2021/09/29 03:30:00,755.192,10.703
2021/09/29 03:45:00,755.192,10.703
2021/09/29 04:00:00,755.192,10.703
2021/09/29 04:15:00,755.192,10.703
2021/09/29 04:30:00,755.483,10.703
2021/09/29 04:45:00,755.483,10.703
2021/09/29 05:00:00,755.658,10.703
2021/09/29 05:15:00,755.308,10.703
2021/09/29 05:30:00,755.192,10.697
2021/09/29 05:45:00,755.017,10.697
2021/09/29 06:00:00,755.017,10.697
2021/09/29 06:15:00,755.308,10.697
2021/09/29 06:30:00,755.192,10.697
2021/09/29 06:45:00,755.308,10.697
2021/09/29 07:00:00,755.308,10.697
2021/09/29 07:15:00,755.308,10.697
2021/09/29 07:30:00,755.483,10.697
2021/09/29 07:45:00,755.658,10.697
2021/09/29 08:00:00,755.775,10.690
2021/09/29 08:15:00,755.950,10.690
2021/09/29 08:30:00,755.950,10.690
2021/09/29 08:45:00,756.125,10.690
2021/09/29 09:00:00,756.125,10.690
2021/09/29 09:15:00,756.125,10.690
2021/09/29 09:30:00,756.417,10.690
2021/09/29 09:45:00,756.125,10.690
2021/09/29 10:00:00,756.242,10.683
2021/09/29 10:15:00,756.417,10.683
2021/09/29 10:30:00,756.417,10.683
2021/09/29 10:45:00,756.417,10.683
2021/09/29 11:00:00,756.533,10.683
2021/09/29 11:15:00,756.533,10.683
2021/09/29 11:30:00,756.417,10.683
2021/09/29 11:45:00,756.417,10.683
2021/09/29 12:00:00,756.242,10.677
2021/09/29 12:15:00,756.125,10.677
2021/09/29 12:30:00,756.125,10.677
2021/09/29 12:45:00,756.242,10.677
2021/09/29 13:00:00,756.125,10.677
2021/09/29 13:15:00,755.775,10.677
2021/09/29 13:30:00,755.192,10.677
2021/09/29 13:45:00,755.192,10.677
2021/09/29 14:00:00,755.483,10.677
2021/09/29 14:15:00,755.483,10.670
2021/09/29 14:30:00,755.192,10.670
2021/09/29 14:45:00,755.483,10.670
2021/09/29 15:00:00,755.483,10.670
2021/09/29 15:15:00,755.483,10.670
2021/09/29 15:30:00,755.483,10.670
2021/09/29 15:45:00,755.658,10.663
2021/09/29 16:00:00,755.308,10.663
2021/09/29 16:15:00,755.658,10.663
2021/09/29 16:30:00,755.658,10.663
2021/09/29 16:45:00,755.308,10.657
2021/09/29 17:00:00,755.658,10.657
2021/09/29 17:15:00,755.658,10.657
2021/09/29 17:30:00,756.125,10.657
2021/09/29 17:45:00,756.242,10.650
2021/09/29 18:00:00,756.417,10.650
2021/09/29 18:15:00,756.125,10.650
2021/09/29 18:30:00,756.125,10.650
2021/09/29 18:45:00,756.417,10.650
2021/09/29 19:00:00,756.533,10.650
2021/09/29 19:15:00,756.708,10.643
2021/09/29 19:30:00,756.883,10.643
2021/09/29 19:45:00,756.883,10.643
2021/09/29 20:00:00,756.708,10.643
2021/09/29 20:15:00,756.708,10.643
2021/09/29 20:30:00,756.883,10.637
2021/09/29 20:45:00,757.000,10.637
2021/09/29 21:00:00,757.000,10.637
2021/09/29 21:15:00,757.000,10.637
2021/09/29 21:30:00,757.175,10.637
2021/09/29 21:45:00,757.467,10.637
2021/09/29 22:00:00,757.642,10.630
2021/09/29 22:15:00,757.642,10.630
2021/09/29 22:30:00,757.642,10.630
2021/09/29 22:45:00,758.108,10.630
2021/09/29 23:00:00,758.108,10.630
2021/09/29 23:15:00,758.225,10.630
2021/09/29 23:30:00,758.108,10.630
2021/09/29 23:45:00,758.225,10.623
2021/09/30 00:00:00,757.933,10.623
2021/09/30 00:15:00,758.108,10.623
2021/09/30 00:30:00,757.933,10.623
2021/09/30 00:45:00,757.758,10.623
2021/09/30 01:00:00,757.758,10.623
2021/09/30 01:15:00,757.758,10.623
2021/09/30 01:30:00,757.642,10.617
2021/09/30 01:45:00,757.642,10.617
2021/09/30 02:00:00,757.642,10.617
2021/09/30 02:15:00,757.758,10.617
2021/09/30 02:30:00,757.642,10.617
2021/09/30 02:45:00,757.642,10.617
2021/09/30 03:00:00,757.642,10.617
2021/09/30 03:15:00,757.467,10.617
2021/09/30 03:30:00,757.467,10.617
2021/09/30 03:45:00,757.467,10.617
2021/09/30 04:00:00,757.350,10.617
2021/09/30 04:15:00,757.642,10.617
2021/09/30 04:30:00,757.350,10.617
2021/09/30 04:45:00,757.642,10.610
2021/09/30 05:00:00,757.642,10.610
2021/09/30 05:15:00,757.467,10.610
2021/09/30 05:30:00,757.467,10.610
2021/09/30 05:45:00,757.467,10.610
2021/09/30 06:00:00,757.642,10.610
2021/09/30 06:15:00,757.467,10.610
2021/09/30 06:30:00,757.758,10.610
2021/09/30 06:45:00,758.108,10.610
2021/09/30 07:00:00,758.108,10.610
2021/09/30 07:15:00,758.400,10.610
2021/09/30 07:30:00,758.400,10.610
2021/09/30 07:45:00,758.575,10.610
2021/09/30 08:00:00,758.575,10.610
2021/09/30 08:15:00,758.692,10.610
2021/09/30 08:30:00,758.692,10.610
2021/09/30 08:45:00,758.692,10.610
2021/09/30 09:00:00,758.867,10.603
2021/09/30 09:15:00,758.983,10.603
2021/09/30 09:30:00,758.867,10.603
2021/09/30 09:45:00,758.867,10.603
2021/09/30 10:00:00,759.333,10.603
2021/09/30 10:15:00,759.158,10.603
2021/09/30 10:30:00,759.450,10.603
2021/09/30 10:45:00,759.333,10.603
2021/09/30 11:00:00,759.333,10.603
2021/09/30 11:15:00,759.625,10.603
2021/09/30 11:30:00,759.333,10.597
2021/09/30 11:45:00,759.625,10.597
2021/09/30 12:00:00,759.333,10.597
2021/09/30 12:15:00,759.333,10.597
2021/09/30 12:30:00,759.158,10.597
2021/09/30 12:45:00,759.158,10.597
2021/09/30 13:00:00,759.450,10.590
2021/09/30 13:15:00,759.333,10.590
2021/09/30 13:30:00,758.983,10.590
2021/09/30 13:45:00,758.867,10.590
2021/09/30 14:00:00,758.575,10.590
2021/09/30 14:15:00,758.575,10.590
2021/09/30 14:30:00,758.400,10.590
2021/09/30 14:45:00,758.400,10.583
2021/09/30 15:00:00,758.400,10.583
2021/09/30 15:15:00,758.108,10.583
2021/09/30 15:30:00,757.933,10.583
2021/09/30 15:45:00,758.108,10.583
2021/09/30 16:00:00,758.108,10.583
2021/09/30 16:15:00,757.758,10.577
2021/09/30 16:30:00,757.758,10.577
2021/09/30 16:45:00,757.758,10.577
2021/09/30 17:00:00,757.933,10.570
2021/09/30 17:15:00,757.933,10.570
2021/09/30 17:30:00,757.758,10.570
2021/09/30 17:45:00,757.933,10.570
2021/09/30 18:00:00,757.933,10.570
2021/09/30 18:15:00,758.108,10.563
2021/09/30 18:30:00,758.400,10.563
2021/09/30 18:45:00,758.692,10.563
2021/09/30 19:00:00,758.575,10.563
2021/09/30 19:15:00,758.575,10.557
2021/09/30 19:30:00,758.575,10.557
2021/09/30 19:45:00,758.692,10.557
2021/09/30 20:00:00,758.575,10.557
2021/09/30 20:15:00,758.692,10.550
2021/09/30 20:30:00,758.692,10.550
2021/09/30 20:45:00,758.867,10.550
2021/09/30 21:00:00,758.575,10.543
2021/09/30 21:15:00,758.867,10.543
2021/09/30 21:30:00,758.692,10.543
2021/09/30 21:45:00,758.575,10.537
2021/09/30 22:00:00,758.692,10.537
2021/09/30 22:15:00,758.692,10.537
2021/09/30 22:30:00,758.400,10.530
2021/09/30 22:45:00,758.400,10.530
2021/09/30 23:00:00,758.867,10.523
2021/09/30 23:15:00,758.983,10.517
2021/09/30 23:30:00,759.450,10.503
2021/09/30 23:45:00,759.625,10.497
2021/10/01 00:00:00,760.092,10.483
2021/10/01 00:15:00,760.092,10.470
2021/10/01 00:30:00,760.558,10.450
2021/10/01 00:45:00,760.675,10.443
2021/10/01 01:00:00,760.850,10.437
2021/10/01 01:15:00,761.142,10.443
2021/10/01 01:30:00,761.142,10.443
2021/10/01 01:45:00,761.433,10.443
2021/10/01 02:00:00,761.317,10.450
2021/10/01 02:15:00,761.317,10.450
2021/10/01 02:30:00,761.025,10.457
2021/10/01 02:45:00,760.558,10.457
2021/10/01 03:00:00,760.558,10.457
2021/10/01 03:15:00,760.558,10.457
2021/10/01 03:30:00,760.092,10.463
2021/10/01 03:45:00,759.800,10.463
2021/10/01 04:00:00,759.450,10.463
2021/10/01 04:15:00,759.333,10.463
2021/10/01 04:30:00,759.333,10.463
2021/10/01 04:45:00,759.333,10.463
2021/10/01 05:00:00,759.158,10.463
2021/10/01 05:15:00,758.867,10.463
2021/10/01 05:30:00,758.983,10.463
2021/10/01 05:45:00,758.692,10.463
2021/10/01 06:00:00,758.867,10.463
2021/10/01 06:15:00,758.692,10.463
2021/10/01 06:30:00,758.225,10.457
2021/10/01 06:45:00,758.575,10.457
2021/10/01 07:00:00,758.225,10.457
2021/10/01 07:15:00,758.225,10.457
2021/10/01 07:30:00,758.400,10.450
2021/10/01 07:45:00,758.400,10.450
2021/10/01 08:00:00,758.225,10.450
2021/10/01 08:15:00,758.400,10.443
2021/10/01 08:30:00,758.400,10.443
2021/10/01 08:45:00,758.400,10.443
2021/10/01 09:00:00,758.225,10.437
2021/10/01 09:15:00,757.933,10.437
2021/10/01 09:30:00,757.933,10.437
2021/10/01 09:45:00,758.225,10.430
2021/10/01 10:00:00,758.108,10.430
2021/10/01 10:15:00,758.108,10.423
2021/10/01 10:30:00,758.108,10.423
2021/10/01 10:45:00,757.933,10.417
2021/10/01 11:00:00,757.933,10.410
2021/10/01 11:15:00,758.225,10.410
2021/10/01 11:30:00,758.108,10.410
2021/10/01 11:45:00,757.933,10.403
2021/10/01 12:00:00,757.933,10.403
2021/10/01 12:15:00,757.933,10.397
2021/10/01 12:30:00,757.933,10.390
2021/10/01 12:45:00,757.758,10.390
2021/10/01 13:00:00,757.933,10.383
2021/10/01 13:15:00,757.467,10.383
2021/10/01 13:30:00,757.175,10.377
2021/10/01 13:45:00,757.175,10.377
2021/10/01 14:00:00,757.350,10.370
2021/10/01 14:15:00,757.350,10.370
2021/10/01 14:30:00,757.175,10.363
2021/10/01 14:45:00,757.000,10.357
2021/10/01 15:00:00,757.000,10.357
2021/10/01 15:15:00,757.175,10.350
2021/10/01 15:30:00,757.000,10.350
2021/10/01 15:45:00,757.000,10.343
2021/10/01 16:00:00,756.883,10.337
2021/10/01 16:15:00,756.883,10.337
2021/10/01 16:30:00,757.175,10.330
2021/10/01 16:45:00,757.350,10.323
2021/10/01 17:00:00,757.350,10.323
2021/10/01 17:15:00,757.350,10.317
2021/10/01 17:30:00,757.350,10.317
2021/10/01 17:45:00,757.467,10.310
2021/10/01 18:00:00,757.467,10.303
2021/10/01 18:15:00,757.350,10.297
2021/10/01 18:30:00,757.467,10.297
2021/10/01 18:45:00,757.467,10.290
2021/10/01 19:00:00,757.642,10.283
2021/10/01 19:15:00,757.642,10.283
2021/10/01 19:30:00,757.642,10.277
2021/10/01 19:45:00,757.642,10.277
2021/10/01 20:00:00,757.758,10.270
2021/10/01 20:15:00,757.933,10.263
2021/10/01 20:30:00,758.108,10.263
2021/10/01 20:45:00,757.933,10.257
2021/10/01 21:00:00,758.225,10.250
2021/10/01 21:15:00,758.225,10.250
2021/10/01 21:30:00,758.400,10.243
2021/10/01 21:45:00,758.225,10.237
2021/10/01 22:00:00,758.400,10.237
2021/10/01 22:15:00,758.400,10.230
2021/10/01 22:30:00,758.575,10.230
2021/10/01 22:45:00,758.575,10.223
2021/10/01 23:00:00,758.575,10.217
2021/10/01 23:15:00,758.400,10.217
2021/10/01 23:30:00,758.225,10.210
2021/10/01 23:45:00,758.225,10.203
2021/10/02 00:00:00,758.108,10.203
2021/10/02 00:15:00,758.108,10.197
2021/10/02 00:30:00,757.933,10.197
2021/10/02 00:45:00,757.933,10.190
2021/10/02 01:00:00,758.108,10.190
2021/10/02 01:15:00,758.108,10.183
2021/10/02 01:30:00,757.933,10.183
2021/10/02 01:45:00,758.108,10.177
2021/10/02 02:00:00,758.225,10.170
2021/10/02 02:15:00,757.933,10.170
2021/10/02 02:30:00,758.108,10.163
2021/10/02 02:45:00,758.108,10.163
2021/10/02 03:00:00,758.225,10.157
2021/10/02 03:15:00,758.225,10.157
2021/10/02 03:30:00,758.108,10.150
2021/10/02 03:45:00,758.108,10.150
2021/10/02 04:00:00,758.225,10.143
2021/10/02 04:15:00,758.400,10.143
2021/10/02 04:30:00,758.225,10.137
2021/10/02 04:45:00,758.108,10.137
2021/10/02 05:00:00,758.225,10.130
2021/10/02 05:15:00,758.400,10.130
2021/10/02 05:30:00,758.400,10.123
2021/10/02 05:45:00,758.400,10.123
2021/10/02 06:00:00,758.400,10.117
2021/10/02 06:15:00,758.400,10.117
2021/10/02 06:30:00,758.400,10.110
2021/10/02 06:45:00,758.400,10.110
2021/10/02 07:00:00,758.575,10.103
2021/10/02 07:15:00,758.575,10.103
2021/10/02 07:30:00,758.575,10.097
2021/10/02 07:45:00,758.575,10.097
2021/10/02 08:00:00,758.575,10.090
2021/10/02 08:15:00,758.400,10.090
2021/10/02 08:30:00,758.575,10.090
2021/10/02 08:45:00,758.575,10.083
2021/10/02 09:00:00,758.867,10.083
2021/10/02 09:15:00,758.692,10.077
2021/10/02 09:30:00,758.575,10.077
2021/10/02 09:45:00,758.867,10.077
2021/10/02 10:00:00,758.867,10.070
2021/10/02 10:15:00,758.867,10.070
2021/10/02 10:30:00,758.867,10.063
2021/10/02 10:45:00,759.158,10.063
2021/10/02 11:00:00,758.983,10.063
2021/10/02 11:15:00,759.158,10.057
2021/10/02 11:30:00,759.158,10.057
2021/10/02 11:45:00,759.333,10.050
2021/10/02 12:00:00,759.333,10.050
2021/10/02 12:15:00,759.450,10.043
2021/10/02 12:30:00,759.625,10.043
2021/10/02 12:45:00,759.917,10.037
2021/10/02 13:00:00,759.333,10.037
2021/10/02 13:15:00,759.625,10.037
2021/10/02 13:30:00,759.800,10.030
2021/10/02 13:45:00,759.800,10.030
2021/10/02 14:00:00,759.800,10.023
2021/10/02 14:15:00,759.625,10.023
2021/10/02 14:30:00,759.800,10.017
2021/10/02 14:45:00,759.800,10.017
2021/10/02 15:00:00,759.800,10.010
2021/10/02 15:15:00,759.450,10.010
2021/10/02 15:30:00,759.625,10.003
2021/10/02 15:45:00,759.625,10.003
2021/10/02 16:00:00,759.450,10.000
2021/10/02 16:15:00,759.450,10.000
2021/10/02 16:30:00,759.450,10.000
2021/10/02 16:45:00,759.800,9.990
2021/10/02 17:00:00,759.917,9.983
2021/10/02 17:15:00,759.917,9.983
2021/10/02 17:30:00,759.625,9.977
2021/10/02 17:45:00,759.625,9.977
2021/10/02 18:00:00,759.450,9.970
2021/10/02 18:15:00,759.625,9.970
2021/10/02 18:30:00,759.450,9.970
2021/10/02 18:45:00,759.625,9.963
2021/10/02 19:00:00,759.450,9.963
2021/10/02 19:15:00,759.450,9.957
2021/10/02 19:30:00,759.333,9.957
2021/10/02 19:45:00,759.625,9.957
2021/10/02 20:00:00,759.625,9.950
2021/10/02 20:15:00,759.625,9.950
2021/10/02 20:30:00,759.625,9.943
2021/10/02 20:45:00,760.092,9.943
2021/10/02 21:00:00,760.092,9.937
2021/10/02 21:15:00,760.092,9.937
2021/10/02 21:30:00,760.208,9.937
2021/10/02 21:45:00,760.208,9.930
2021/10/02 22:00:00,760.383,9.930
2021/10/02 22:15:00,760.208,9.923
2021/10/02 22:30:00,760.208,9.923
2021/10/02 22:45:00,760.092,9.923
2021/10/02 23:00:00,760.092,9.917
2021/10/02 23:15:00,759.917,9.917
2021/10/02 23:30:00,760.092,9.910
2021/10/02 23:45:00,759.917,9.910
2021/10/03 00:00:00,760.092,9.910
2021/10/03 00:15:00,759.917,9.903
2021/10/03 00:30:00,759.800,9.903
2021/10/03 00:45:00,759.625,9.903
2021/10/03 01:00:00,759.625,9.897
2021/10/03 01:15:00,759.625,9.897
2021/10/03 01:30:00,759.450,9.890
2021/10/03 01:45:00,759.450,9.890
2021/10/03 02:00:00,759.625,9.890
2021/10/03 02:15:00,759.333,9.883
2021/10/03 02:30:00,759.333,9.883
2021/10/03 02:45:00,759.450,9.883
2021/10/03 03:00:00,759.158,9.883
2021/10/03 03:15:00,759.158,9.877
2021/10/03 03:30:00,759.158,9.877
2021/10/03 03:45:00,758.983,9.877
2021/10/03 04:00:00,759.158,9.877
2021/10/03 04:15:00,759.450,9.870
2021/10/03 04:30:00,759.333,9.870
2021/10/03 04:45:00,759.450,9.870
2021/10/03 05:00:00,759.742,9.863
2021/10/03 05:15:00,759.917,9.863
2021/10/03 05:30:00,759.917,9.863
2021/10/03 05:45:00,759.800,9.857
2021/10/03 06:00:00,760.092,9.857
2021/10/03 06:15:00,760.208,9.857
2021/10/03 06:30:00,760.092,9.857
2021/10/03 06:45:00,760.092,9.857
2021/10/03 07:00:00,760.208,9.850
2021/10/03 07:15:00,760.092,9.850
2021/10/03 07:30:00,760.383,9.843
2021/10/03 07:45:00,760.208,9.843
2021/10/03 08:00:00,760.383,9.843
2021/10/03 08:15:00,760.208,9.843
2021/10/03 08:30:00,760.383,9.843
2021/10/03 08:45:00,760.208,9.843
2021/10/03 09:00:00,760.092,9.837
2021/10/03 09:15:00,760.383,9.837
2021/10/03 09:30:00,760.092,9.837
2021/10/03 09:45:00,760.092,9.837
2021/10/03 10:00:00,760.092,9.837
2021/10/03 10:15:00,760.208,9.830
2021/10/03 10:30:00,760.383,9.830
2021/10/03 10:45:00,760.383,9.830
2021/10/03 11:00:00,760.383,9.830
2021/10/03 11:15:00,760.208,9.830
2021/10/03 11:30:00,760.558,9.823
2021/10/03 11:45:00,760.208,9.823
2021/10/03 12:00:00,760.208,9.823
2021/10/03 12:15:00,760.092,9.823
2021/10/03 12:30:00,759.917,9.823
2021/10/03 12:45:00,759.625,9.823
2021/10/03 13:00:00,759.333,9.817
2021/10/03 13:15:00,759.450,9.817
2021/10/03 13:30:00,759.158,9.817
2021/10/03 13:45:00,759.450,9.817
2021/10/03 14:00:00,759.333,9.810
2021/10/03 14:15:00,759.158,9.810
2021/10/03 14:30:00,758.692,9.810
2021/10/03 14:45:00,758.692,9.810
2021/10/03 15:00:00,758.692,9.803
2021/10/03 15:15:00,758.692,9.803
2021/10/03 15:30:00,758.517,9.803
2021/10/03 15:45:00,758.400,9.803
2021/10/03 16:00:00,758.108,9.797
2021/10/03 16:15:00,758.108,9.797
2021/10/03 16:30:00,758.225,9.797
2021/10/03 16:45:00,758.225,9.797
2021/10/03 17:00:00,758.108,9.790
2021/10/03 17:15:00,758.225,9.790
2021/10/03 17:30:00,758.225,9.790
2021/10/03 17:45:00,758.400,9.790
2021/10/03 18:00:00,758.400,9.790
2021/10/03 18:15:00,758.692,9.783
2021/10/03 18:30:00,758.867,9.783
2021/10/03 18:45:00,758.692,9.783
2021/10/03 19:00:00,758.692,9.783
2021/10/03 19:15:00,758.867,9.777
2021/10/03 19:30:00,758.983,9.777
2021/10/03 19:45:00,759.158,9.777
2021/10/03 20:00:00,759.450,9.777
2021/10/03 20:15:00,759.625,9.770
2021/10/03 20:30:00,759.800,9.770
2021/10/03 20:45:00,759.917,9.770
2021/10/03 21:00:00,759.917,9.770
2021/10/03 21:15:00,760.092,9.770
2021/10/03 21:30:00,760.092,9.763
2021/10/03 21:45:00,760.208,9.763
2021/10/03 22:00:00,760.208,9.763
2021/10/03 22:15:00,759.917,9.757
2021/10/03 22:30:00,760.092,9.757
2021/10/03 22:45:00,759.800,9.757
2021/10/03 23:00:00,759.800,9.757
2021/10/03 23:15:00,759.917,9.757
2021/10/03 23:30:00,759.917,9.757
2021/10/03 23:45:00,759.800,9.757
2021/10/04 00:00:00,759.625,9.750
2021/10/04 00:15:00,759.625,9.750
2021/10/04 00:30:00,759.625,9.750
2021/10/04 00:45:00,759.450,9.750
2021/10/04 01:00:00,759.625,9.740
2021/10/04 01:15:00,759.800,9.740
2021/10/04 01:30:00,759.450,9.750
2021/10/04 01:45:00,759.450,9.740
2021/10/04 02:00:00,759.625,9.740
2021/10/04 02:15:00,759.917,9.740
2021/10/04 02:30:00,759.800,9.740
2021/10/04 02:45:00,759.917,9.740
2021/10/04 03:00:00,760.092,9.733
2021/10/04 03:15:00,759.800,9.733
2021/10/04 03:30:00,759.800,9.733
2021/10/04 03:45:00,759.625,9.733
2021/10/04 04:00:00,759.625,9.733
2021/10/04 04:15:00,759.625,9.733
2021/10/04 04:30:00,759.450,9.733
2021/10/04 04:45:00,759.450,9.733
2021/10/04 05:00:00,759.625,9.733
2021/10/04 05:15:00,759.625,9.733
2021/10/04 05:30:00,759.625,9.727
2021/10/04 05:45:00,759.917,9.727
2021/10/04 06:00:00,759.742,9.727
2021/10/04 06:15:00,759.742,9.727
2021/10/04 06:30:00,759.917,9.727
2021/10/04 06:45:00,760.208,9.727
2021/10/04 07:00:00,760.208,9.727
2021/10/04 07:15:00,760.208,9.727
2021/10/04 07:30:00,760.092,9.727
2021/10/04 07:45:00,760.092,9.727
2021/10/04 08:00:00,760.208,9.727
2021/10/04 08:15:00,760.208,9.727
2021/10/04 08:30:00,760.383,9.727
2021/10/04 08:45:00,760.208,9.727
2021/10/04 09:00:00,760.558,9.727
2021/10/04 09:15:00,760.208,9.720
2021/10/04 09:30:00,760.208,9.720
2021/10/04 09:45:00,760.208,9.720
2021/10/04 10:00:00,760.208,9.720
2021/10/04 10:15:00,760.092,9.720
2021/10/04 10:30:00,759.917,9.720
2021/10/04 10:45:00,760.092,9.720
2021/10/04 11:00:00,759.917,9.720
2021/10/04 11:15:00,759.917,9.720
2021/10/04 11:30:00,759.917,9.720
2021/10/04 11:45:00,759.800,9.720
2021/10/04 12:00:00,759.625,9.720
2021/10/04 12:15:00,759.800,9.720
2021/10/04 12:30:00,759.800,9.720
2021/10/04 12:45:00,759.625,9.720
2021/10/04 13:00:00,759.625,9.713
2021/10/04 13:15:00,759.625,9.713
2021/10/04 13:30:00,759.333,9.713
2021/10/04 13:45:00,758.983,9.713
2021/10/04 14:00:00,758.692,9.713
2021/10/04 14:15:00,758.517,9.713
2021/10/04 14:30:00,758.400,9.713
2021/10/04 14:45:00,758.400,9.707
2021/10/04 15:00:00,758.517,9.707
2021/10/04 15:15:00,758.692,9.707
2021/10/04 15:30:00,758.517,9.707
2021/10/04 15:45:00,758.400,9.707
2021/10/04 16:00:00,758.400,9.707
2021/10/04 16:15:00,758.517,9.707
2021/10/04 16:30:00,758.517,9.707
2021/10/04 16:45:00,758.517,9.707
2021/10/04 17:00:00,758.225,9.700
2021/10/04 17:15:00,758.225,9.700
2021/10/04 17:30:00,758.108,9.700
2021/10/04 17:45:00,758.108,9.700
2021/10/04 18:00:00,758.108,9.700
2021/10/04 18:15:00,757.933,9.700
2021/10/04 18:30:00,758.225,9.700
2021/10/04 18:45:00,758.225,9.693
2021/10/04 19:00:00,758.400,9.693
2021/10/04 19:15:00,758.400,9.693
2021/10/04 19:30:00,758.400,9.693
2021/10/04 19:45:00,758.575,9.693
2021/10/04 20:00:00,758.400,9.693
2021/10/04 20:15:00,758.867,9.687
2021/10/04 20:30:00,758.867,9.687
2021/10/04 20:45:00,758.867,9.687
2021/10/04 21:00:00,758.983,9.687
2021/10/04 21:15:00,758.983,9.687
2021/10/04 21:30:00,758.983,9.680
2021/10/04 21:45:00,758.983,9.680
2021/10/04 22:00:00,758.983,9.680
2021/10/04 22:15:00,759.158,9.680
2021/10/04 22:30:00,758.867,9.680
2021/10/04 22:45:00,759.158,9.680
2021/10/04 23:00:00,758.983,9.680
2021/10/04 23:15:00,758.692,9.680
2021/10/04 23:30:00,758.867,9.673
2021/10/04 23:45:00,758.867,9.673
2021/10/05 00:00:00,758.692,9.673
2021/10/05 00:15:00,758.692,9.673
2021/10/05 00:30:00,758.575,9.673
2021/10/05 00:45:00,758.575,9.673
2021/10/05 01:00:00,758.400,9.673
2021/10/05 01:15:00,758.575,9.673
2021/10/05 01:30:00,758.400,9.667
2021/10/05 01:45:00,758.692,9.667
2021/10/05 02:00:00,758.867,9.667
2021/10/05 02:15:00,758.517,9.667
2021/10/05 02:30:00,758.517,9.667
2021/10/05 02:45:00,758.400,9.667
2021/10/05 03:00:00,758.400,9.667
2021/10/05 03:15:00,758.108,9.667
2021/10/05 03:30:00,758.108,9.667
2021/10/05 03:45:00,758.108,9.667
2021/10/05 04:00:00,758.108,9.667
2021/10/05 04:15:00,757.933,9.667
2021/10/05 04:30:00,757.758,9.667
2021/10/05 04:45:00,757.758,9.667
2021/10/05 05:00:00,757.758,9.667
2021/10/05 05:15:00,757.642,9.660
2021/10/05 05:30:00,757.642,9.660
2021/10/05 05:45:00,757.933,9.667
2021/10/05 06:00:00,757.467,9.660
2021/10/05 06:15:00,757.642,9.660
2021/10/05 06:30:00,757.467,9.660
2021/10/05 06:45:00,757.642,9.660
2021/10/05 07:00:00,757.642,9.660
2021/10/05 07:15:00,757.467,9.660
2021/10/05 07:30:00,757.642,9.660
2021/10/05 07:45:00,757.642,9.660
2021/10/05 08:00:00,757.933,9.660
2021/10/05 08:15:00,757.758,9.660
2021/10/05 08:30:00,758.108,9.660
2021/10/05 08:45:00,757.933,9.660
2021/10/05 09:00:00,757.933,9.660
2021/10/05 09:15:00,757.933,9.660
2021/10/05 09:30:00,757.933,9.660
2021/10/05 09:45:00,757.933,9.660
2021/10/05 10:00:00,757.933,9.660
2021/10/05 10:15:00,758.225,9.660
2021/10/05 10:30:00,758.108,9.660
2021/10/05 10:45:00,758.225,9.660
2021/10/05 11:00:00,758.225,9.660
2021/10/05 11:15:00,758.575,9.660
2021/10/05 11:30:00,758.692,9.660
2021/10/05 11:45:00,758.575,9.660
2021/10/05 12:00:00,758.400,9.660
2021/10/05 12:15:00,758.692,9.653
2021/10/05 12:30:00,758.400,9.653
2021/10/05 12:45:00,757.758,9.653
2021/10/05 13:00:00,757.758,9.653
2021/10/05 13:15:00,757.933,9.653
2021/10/05 13:30:00,757.467,9.653
2021/10/05 13:45:00,757.642,9.653
2021/10/05 14:00:00,757.642,9.653
2021/10/05 14:15:00,757.642,9.653
2021/10/05 14:30:00,757.175,9.653
2021/10/05 14:45:00,757.467,9.653
2021/10/05 15:00:00,757.175,9.653
2021/10/05 15:15:00,757.000,9.653
2021/10/05 15:30:00,757.000,9.653
2021/10/05 15:45:00,757.175,9.647
2021/10/05 16:00:00,757.467,9.647
2021/10/05 16:15:00,757.642,9.647
2021/10/05 16:30:00,757.758,9.647
2021/10/05 16:45:00,757.933,9.647
2021/10/05 17:00:00,757.758,9.647
2021/10/05 17:15:00,757.933,9.647
2021/10/05 17:30:00,757.758,9.647
2021/10/05 17:45:00,757.758,9.647
2021/10/05 18:00:00,757.642,9.640
2021/10/05 18:15:00,757.642,9.640
2021/10/05 18:30:00,757.758,9.640
2021/10/05 18:45:00,757.933,9.640
2021/10/05 19:00:00,757.758,9.640
2021/10/05 19:15:00,757.758,9.640
2021/10/05 19:30:00,757.758,9.640
2021/10/05 19:45:00,758.108,9.640
2021/10/05 20:00:00,757.933,9.633
2021/10/05 20:15:00,757.642,9.633
2021/10/05 20:30:00,757.642,9.633
2021/10/05 20:45:00,757.642,9.633
2021/10/05 21:00:00,757.350,9.633
2021/10/05 21:15:00,757.467,9.633
2021/10/05 21:30:00,757.642,9.633
2021/10/05 21:45:00,757.933,9.633
2021/10/05 22:00:00,757.642,9.633
2021/10/05 22:15:00,757.758,9.633
2021/10/05 22:30:00,757.642,9.633
2021/10/05 22:45:00,757.467,9.633
2021/10/05 23:00:00,757.467,9.627
2021/10/05 23:15:00,757.292,9.627
2021/10/05 23:30:00,757.292,9.627
2021/10/05 23:45:00,757.467,9.627
2021/10/06 00:00:00,757.467,9.627
2021/10/06 00:15:00,757.467,9.627
2021/10/06 00:30:00,757.467,9.627
2021/10/06 00:45:00,757.175,9.627
2021/10/06 01:00:00,757.292,9.627
2021/10/06 01:15:00,757.000,9.627
2021/10/06 01:30:00,757.175,9.627
2021/10/06 01:45:00,757.175,9.627
2021/10/06 02:00:00,757.000,9.627
2021/10/06 02:15:00,756.883,9.627
2021/10/06 02:30:00,756.883,9.627
2021/10/06 02:45:00,756.883,9.627
2021/10/06 03:00:00,756.708,9.627
2021/10/06 03:15:00,756.533,9.627
2021/10/06 03:30:00,756.533,9.627
2021/10/06 03:45:00,756.417,9.627
2021/10/06 04:00:00,756.067,9.627
2021/10/06 04:15:00,756.067,9.627
2021/10/06 04:30:00,755.775,9.627
2021/10/06 04:45:00,755.775,9.627
2021/10/06 05:00:00,756.067,9.627
2021/10/06 05:15:00,756.067,9.627
2021/10/06 05:30:00,755.950,9.627
2021/10/06 05:45:00,755.775,9.627
2021/10/06 06:00:00,755.950,9.627
2021/10/06 06:15:00,756.067,9.627
2021/10/06 06:30:00,756.242,9.627
2021/10/06 06:45:00,756.417,9.627
2021/10/06 07:00:00,756.417,9.627
2021/10/06 07:15:00,756.708,9.627
2021/10/06 07:30:00,756.417,9.627
2021/10/06 07:45:00,756.417,9.627
2021/10/06 08:00:00,756.708,9.627
2021/10/06 08:15:00,756.533,9.627
2021/10/06 08:30:00,756.708,9.627
2021/10/06 08:45:00,756.883,9.627
2021/10/06 09:00:00,756.883,9.627
2021/10/06 09:15:00,756.708,9.627
2021/10/06 09:30:00,757.000,9.627
2021/10/06 09:45:00,756.708,9.627
2021/10/06 10:00:00,756.883,9.633
2021/10/06 10:15:00,757.000,9.633
2021/10/06 10:30:00,757.000,9.627
2021/10/06 10:45:00,757.467,9.627
2021/10/06 11:00:00,757.642,9.627
2021/10/06 11:15:00,757.642,9.627
2021/10/06 11:30:00,757.642,9.627
2021/10/06 11:45:00,757.642,9.633
2021/10/06 12:00:00,757.933,9.633
2021/10/06 12:15:00,758.225,9.633
2021/10/06 12:30:00,758.225,9.633
2021/10/06 12:45:00,758.108,9.633
2021/10/06 13:00:00,758.225,9.633
2021/10/06 13:15:00,758.108,9.627
2021/10/06 13:30:00,758.108,9.633
2021/10/06 13:45:00,758.225,9.627
2021/10/06 14:00:00,757.933,9.633
2021/10/06 14:15:00,757.642,9.627
2021/10/06 14:30:00,757.642,9.633
2021/10/06 14:45:00,757.467,9.633
2021/10/06 15:00:00,757.642,9.627
2021/10/06 15:15:00,757.467,9.633
2021/10/06 15:30:00,757.292,9.627
2021/10/06 15:45:00,757.175,9.627
2021/10/06 16:00:00,757.000,9.633
2021/10/06 16:15:00,757.000,9.627
2021/10/06 16:30:00,757.000,9.627
2021/10/06 16:45:00,756.708,9.633
2021/10/06 17:00:00,756.883,9.633
2021/10/06 17:15:00,757.000,9.627
2021/10/06 17:30:00,757.000,9.627
2021/10/06 17:45:00,756.708,9.633
2021/10/06 18:00:00,757.000,9.627
2021/10/06 18:15:00,756.883,9.627
2021/10/06 18:30:00,757.000,9.627
2021/10/06 18:45:00,757.000,9.633
2021/10/06 19:00:00,756.708,9.633
2021/10/06 19:15:00,756.883,9.633
2021/10/06 19:30:00,757.000,9.633
2021/10/06 19:45:00,757.000,9.633
2021/10/06 20:00:00,757.175,9.633
2021/10/06 20:15:00,757.000,9.633
2021/10/06 20:30:00,757.175,9.633
2021/10/06 20:45:00,757.175,9.633
2021/10/06 21:00:00,757.175,9.633
2021/10/06 21:15:00,757.000,9.633
2021/10/06 21:30:00,757.000,9.633
2021/10/06 21:45:00,756.708,9.633
2021/10/06 22:00:00,756.883,9.633
2021/10/06 22:15:00,756.708,9.633
2021/10/06 22:30:00,756.708,9.633
2021/10/06 22:45:00,756.883,9.633
2021/10/06 23:00:00,756.708,9.633
2021/10/06 23:15:00,756.708,9.633
2021/10/06 23:30:00,756.533,9.633
2021/10/06 23:45:00,756.708,9.633
2021/10/07 00:00:00,756.417,9.633
2021/10/07 00:15:00,756.417,9.633
2021/10/07 00:30:00,756.417,9.633
2021/10/07 00:45:00,756.242,9.633
2021/10/07 01:00:00,756.125,9.633
2021/10/07 01:15:00,755.950,9.633
2021/10/07 01:30:00,755.775,9.633
2021/10/07 01:45:00,755.658,9.633
2021/10/07 02:00:00,756.125,9.633
2021/10/07 02:15:00,755.950,9.633
2021/10/07 02:30:00,755.658,9.633
2021/10/07 02:45:00,755.775,9.633
2021/10/07 03:00:00,755.950,9.633
2021/10/07 03:15:00,755.950,9.633
2021/10/07 03:30:00,755.950,9.640
2021/10/07 03:45:00,755.950,9.633
2021/10/07 04:00:00,755.775,9.640
2021/10/07 04:15:00,755.775,9.633
2021/10/07 04:30:00,755.950,9.640
2021/10/07 04:45:00,755.775,9.640
2021/10/07 05:00:00,755.658,9.640
2021/10/07 05:15:00,755.775,9.640
2021/10/07 05:30:00,755.658,9.640
2021/10/07 05:45:00,755.775,9.640
2021/10/07 06:00:00,755.658,9.640
2021/10/07 06:15:00,755.775,9.640
2021/10/07 06:30:00,755.483,9.640
2021/10/07 06:45:00,755.658,9.640
2021/10/07 07:00:00,755.658,9.640
2021/10/07 07:15:00,755.775,9.640
2021/10/07 07:30:00,755.658,9.640
2021/10/07 07:45:00,756.067,9.647
2021/10/07 08:00:00,756.242,9.640
2021/10/07 08:15:00,756.708,9.647
2021/10/07 08:30:00,756.883,9.647
2021/10/07 08:45:00,756.883,9.647
2021/10/07 09:00:00,757.000,9.647
2021/10/07 09:15:00,757.175,9.647
2021/10/07 09:30:00,757.000,9.647
2021/10/07 09:45:00,757.175,9.647
2021/10/07 10:00:00,757.175,9.647
2021/10/07 10:15:00,757.292,9.647
2021/10/07 10:30:00,757.175,9.647
2021/10/07 10:45:00,756.883,9.647
2021/10/07 11:00:00,756.883,9.647
2021/10/07 11:15:00,757.292,9.647
2021/10/07 11:30:00,757.467,9.647
2021/10/07 11:45:00,757.292,9.647
2021/10/07 12:00:00,757.467,9.647
2021/10/07 12:15:00,757.933,9.647
2021/10/07 12:30:00,757.467,9.647
2021/10/07 12:45:00,757.292,9.647
2021/10/07 13:00:00,757.933,9.647
2021/10/07 13:15:00,758.108,9.647
2021/10/07 13:30:00,757.292,9.647
2021/10/07 13:45:00,757.933,9.647
2021/10/07 14:00:00,757.933,9.647
2021/10/07 14:15:00,758.108,9.647
2021/10/07 14:30:00,757.758,9.647
2021/10/07 14:45:00,757.933,9.647
2021/10/07 15:00:00,758.108,9.647
2021/10/07 15:15:00,758.108,9.647
2021/10/07 15:30:00,758.108,9.647
2021/10/07 15:45:00,758.225,9.647
2021/10/07 16:00:00,758.108,9.647
2021/10/07 16:15:00,758.108,9.647
2021/10/07 16:30:00,758.108,9.647
2021/10/07 16:45:00,758.225,9.640
2021/10/07 17:00:00,758.225,9.640
2021/10/07 17:15:00,758.108,9.640
2021/10/07 17:30:00,758.225,9.647
2021/10/07 17:45:00,758.225,9.640
2021/10/07 18:00:00,758.225,9.640
2021/10/07 18:15:00,758.400,9.640
2021/10/07 18:30:00,758.692,9.640
2021/10/07 18:45:00,758.692,9.640
2021/10/07 19:00:00,758.692,9.640
2021/10/07 19:15:00,758.692,9.640
2021/10/07 19:30:00,758.867,9.640
2021/10/07 19:45:00,758.867,9.640
2021/10/07 20:00:00,758.983,9.640
2021/10/07 20:15:00,758.983,9.640
2021/10/07 20:30:00,758.983,9.640
2021/10/07 20:45:00,758.983,9.640
2021/10/07 21:00:00,759.158,9.640
2021/10/07 21:15:00,759.333,9.640
2021/10/07 21:30:00,759.450,9.640
2021/10/07 21:45:00,759.333,9.633
2021/10/07 22:00:00,759.450,9.633
2021/10/07 22:15:00,759.333,9.640
2021/10/07 22:30:00,759.158,9.640
2021/10/07 22:45:00,759.333,9.640
2021/10/07 23:00:00,758.983,9.633
2021/10/07 23:15:00,759.158,9.640
2021/10/07 23:30:00,759.158,9.640
2021/10/07 23:45:00,758.983,9.633
2021/10/08 00:00:00,758.692,9.633
2021/10/08 00:15:00,758.867,9.633
2021/10/08 00:30:00,758.692,9.640
2021/10/08 00:45:00,758.692,9.633
2021/10/08 01:00:00,758.575,9.633
2021/10/08 01:15:00,758.692,9.640
2021/10/08 01:30:00,758.575,9.633
2021/10/08 01:45:00,758.692,9.633
2021/10/08 02:00:00,758.692,9.640
2021/10/08 02:15:00,758.575,9.633
2021/10/08 02:30:00,758.575,9.640
2021/10/08 02:45:00,758.575,9.633
2021/10/08 03:00:00,758.225,9.640
2021/10/08 03:15:00,758.108,9.640
2021/10/08 03:30:00,757.933,9.640
2021/10/08 03:45:00,757.933,9.640
2021/10/08 04:00:00,757.758,9.640
2021/10/08 04:15:00,757.758,9.640
2021/10/08 04:30:00,757.933,9.640
2021/10/08 04:45:00,757.758,9.640
2021/10/08 05:00:00,757.933,9.640
2021/10/08 05:15:00,757.933,9.640
2021/10/08 05:30:00,757.933,9.640
2021/10/08 05:45:00,758.225,9.640
2021/10/08 06:00:00,758.108,9.640
2021/10/08 06:15:00,758.225,9.640
2021/10/08 06:30:00,758.225,9.640
2021/10/08 06:45:00,758.225,9.640
2021/10/08 07:00:00,758.225,9.640
2021/10/08 07:15:00,758.108,9.640
2021/10/08 07:30:00,758.225,9.640
2021/10/08 07:45:00,758.108,9.640
2021/10/08 08:00:00,758.517,9.647
2021/10/08 08:15:00,758.225,9.640
2021/10/08 08:30:00,758.225,9.640
2021/10/08 08:45:00,758.517,9.647
2021/10/08 09:00:00,758.400,9.647
2021/10/08 09:15:00,758.225,9.647
2021/10/08 09:30:00,758.225,9.647
2021/10/08 09:45:00,758.225,9.647
2021/10/08 10:00:00,758.400,9.647
2021/10/08 10:15:00,758.400,9.647
2021/10/08 10:30:00,758.400,9.647
2021/10/08 10:45:00,758.108,9.647
2021/10/08 11:00:00,758.108,9.647
2021/10/08 11:15:00,758.108,9.647
2021/10/08 11:30:00,758.225,9.647
2021/10/08 11:45:00,757.933,9.647
2021/10/08 12:00:00,758.225,9.647
2021/10/08 12:15:00,758.108,9.647
2021/10/08 12:30:00,758.108,9.647
2021/10/08 12:45:00,757.175,9.647
2021/10/08 13:00:00,757.758,9.647
2021/10/08 13:15:00,757.758,9.647
2021/10/08 13:30:00,757.000,9.647
2021/10/08 13:45:00,757.175,9.647
2021/10/08 14:00:00,757.292,9.647
2021/10/08 14:15:00,757.292,9.647
2021/10/08 14:30:00,757.175,9.647
2021/10/08 14:45:00,757.175,9.647
2021/10/08 15:00:00,757.292,9.647
2021/10/08 15:15:00,756.883,9.640
2021/10/08 15:30:00,756.883,9.640
2021/10/08 15:45:00,756.883,9.640
2021/10/08 16:00:00,757.000,9.640
2021/10/08 16:15:00,757.000,9.640
2021/10/08 16:30:00,757.000,9.640
2021/10/08 16:45:00,757.000,9.640
2021/10/08 17:00:00,757.175,9.640
2021/10/08 17:15:00,756.883,9.640
2021/10/08 17:30:00,757.000,9.640
2021/10/08 17:45:00,757.175,9.640
2021/10/08 18:00:00,757.000,9.640
2021/10/08 18:15:00,757.000,9.640
2021/10/08 18:30:00,757.350,9.633
2021/10/08 18:45:00,757.175,9.633
2021/10/08 19:00:00,757.175,9.633
2021/10/08 19:15:00,757.000,9.633
2021/10/08 19:30:00,757.000,9.633
2021/10/08 19:45:00,757.000,9.633
2021/10/08 20:00:00,756.708,9.633
2021/10/08 20:15:00,757.000,9.633
2021/10/08 20:30:00,756.883,9.633
2021/10/08 20:45:00,757.000,9.633
2021/10/08 21:00:00,757.000,9.633
2021/10/08 21:15:00,757.000,9.633
2021/10/08 21:30:00,756.883,9.627
2021/10/08 21:45:00,756.708,9.627
2021/10/08 22:00:00,756.883,9.627
2021/10/08 22:15:00,756.533,9.627
2021/10/08 22:30:00,756.533,9.627
2021/10/08 22:45:00,756.708,9.627
2021/10/08 23:00:00,756.417,9.627
2021/10/08 23:15:00,756.417,9.627
2021/10/08 23:30:00,756.242,9.627
2021/10/08 23:45:00,756.242,9.627
2021/10/09 00:00:00,756.067,9.627
2021/10/09 00:15:00,756.067,9.627
2021/10/09 00:30:00,755.775,9.627
2021/10/09 00:45:00,755.658,9.627
2021/10/09 01:00:00,755.658,9.627
2021/10/09 01:15:00,755.658,9.627
2021/10/09 01:30:00,755.483,9.627
2021/10/09 01:45:00,755.308,9.627
2021/10/09 02:00:00,755.308,9.627
2021/10/09 02:15:00,755.483,9.627
2021/10/09 02:30:00,755.192,9.627
2021/10/09 02:45:00,754.842,9.627
2021/10/09 03:00:00,755.192,9.627
2021/10/09 03:15:00,754.725,9.627
2021/10/09 03:30:00,754.433,9.627
2021/10/09 03:45:00,754.258,9.627
2021/10/09 04:00:00,754.258,9.627
2021/10/09 04:15:00,754.083,9.627
2021/10/09 04:30:00,754.083,9.627
2021/10/09 04:45:00,753.967,9.627
2021/10/09 05:00:00,753.967,9.627
2021/10/09 05:15:00,753.617,9.627
2021/10/09 05:30:00,753.967,9.627
2021/10/09 05:45:00,753.792,9.627
2021/10/09 06:00:00,753.617,9.627
2021/10/09 06:15:00,753.792,9.627
2021/10/09 06:30:00,753.792,9.627
2021/10/09 06:45:00,753.792,9.627
2021/10/09 07:00:00,753.792,9.627
2021/10/09 07:15:00,753.792,9.627
2021/10/09 07:30:00,753.792,9.627
2021/10/09 07:45:00,753.500,9.633
2021/10/09 08:00:00,753.617,9.627
2021/10/09 08:15:00,753.675,9.633
2021/10/09 08:30:00,753.792,9.633
2021/10/09 08:45:00,753.675,9.633
2021/10/09 09:00:00,753.500,9.633
2021/10/09 09:15:00,753.792,9.633
2021/10/09 09:30:00,753.500,9.633
2021/10/09 09:45:00,753.500,9.633
2021/10/09 10:00:00,753.675,9.633
2021/10/09 10:15:00,754.725,9.633
2021/10/09 10:30:00,755.308,9.633
2021/10/09 10:45:00,755.775,9.640
2021/10/09 11:00:00,755.192,9.633
2021/10/09 11:15:00,755.658,9.640
2021/10/09 11:30:00,755.950,9.640
2021/10/09 11:45:00,756.125,9.640
2021/10/09 12:00:00,756.125,9.640
2021/10/09 12:15:00,756.417,9.640
2021/10/09 12:30:00,756.417,9.633
2021/10/09 12:45:00,756.417,9.640
2021/10/09 13:00:00,756.242,9.633
2021/10/09 13:15:00,756.242,9.633
2021/10/09 13:30:00,756.125,9.633
2021/10/09 13:45:00,756.242,9.633
2021/10/09 14:00:00,756.242,9.633
2021/10/09 14:15:00,755.950,9.633
2021/10/09 14:30:00,756.125,9.640
2021/10/09 14:45:00,756.242,9.640
2021/10/09 15:00:00,756.417,9.640
2021/10/09 15:15:00,756.242,9.640
2021/10/09 15:30:00,756.417,9.640
2021/10/09 15:45:00,756.533,9.640
2021/10/09 16:00:00,756.533,9.640
2021/10/09 16:15:00,756.242,9.640
2021/10/09 16:30:00,756.417,9.640
2021/10/09 16:45:00,756.242,9.640
2021/10/09 17:00:00,756.242,9.640
2021/10/09 17:15:00,756.125,9.640
2021/10/09 17:30:00,756.417,9.640
2021/10/09 17:45:00,756.125,9.640
2021/10/09 18:00:00,756.242,9.640
2021/10/09 18:15:00,756.242,9.640
2021/10/09 18:30:00,756.125,9.640
2021/10/09 18:45:00,756.125,9.640
2021/10/09 19:00:00,755.950,9.640
2021/10/09 19:15:00,756.242,9.647
2021/10/09 19:30:00,756.067,9.647
2021/10/09 19:45:00,755.775,9.640
2021/10/09 20:00:00,755.775,9.647
2021/10/09 20:15:00,755.775,9.647
2021/10/09 20:30:00,755.775,9.647
2021/10/09 20:45:00,755.658,9.647
2021/10/09 21:00:00,755.950,9.647
2021/10/09 21:15:00,755.775,9.647
2021/10/09 21:30:00,755.950,9.647
2021/10/09 21:45:00,755.483,9.653
2021/10/09 22:00:00,755.658,9.653
2021/10/09 22:15:00,755.775,9.653
2021/10/09 22:30:00,755.658,9.653
2021/10/09 22:45:00,755.658,9.653
2021/10/09 23:00:00,755.308,9.653
2021/10/09 23:15:00,755.192,9.653
2021/10/09 23:30:00,755.017,9.653
2021/10/09 23:45:00,754.900,9.653
2021/10/10 00:00:00,755.017,9.653
2021/10/10 00:15:00,754.725,9.660
2021/10/10 00:30:00,754.725,9.660
2021/10/10 00:45:00,754.725,9.660
2021/10/10 01:00:00,754.725,9.660
2021/10/10 01:15:00,754.433,9.660
2021/10/10 01:30:00,754.083,9.660
2021/10/10 01:45:00,754.433,9.667
2021/10/10 02:00:00,754.258,9.667
2021/10/10 02:15:00,753.967,9.667
2021/10/10 02:30:00,754.083,9.667
2021/10/10 02:45:00,753.967,9.667
2021/10/10 03:00:00,753.967,9.667
2021/10/10 03:15:00,753.792,9.667
2021/10/10 03:30:00,753.325,9.673
2021/10/10 03:45:00,753.208,9.673
2021/10/10 04:00:00,753.033,9.673
2021/10/10 04:15:00,752.742,9.673
2021/10/10 04:30:00,752.742,9.673
2021/10/10 04:45:00,752.742,9.673
2021/10/10 05:00:00,752.450,9.680
2021/10/10 05:15:00,752.450,9.680
2021/10/10 05:30:00,752.275,9.680
2021/10/10 05:45:00,752.275,9.680
2021/10/10 06:00:00,752.100,9.680
2021/10/10 06:15:00,752.100,9.680
2021/10/10 06:30:00,751.983,9.687
2021/10/10 06:45:00,751.808,9.687
2021/10/10 07:00:00,751.633,9.687
2021/10/10 07:15:00,751.517,9.687
2021/10/10 07:30:00,751.517,9.687
2021/10/10 07:45:00,751.342,9.687
2021/10/10 08:00:00,751.517,9.687
2021/10/10 08:15:00,751.517,9.687
2021/10/10 08:30:00,751.633,9.687
2021/10/10 08:45:00,751.808,9.687
2021/10/10 09:00:00,751.633,9.693
2021/10/10 09:15:00,751.633,9.693
2021/10/10 09:30:00,751.517,9.693
2021/10/10 09:45:00,751.517,9.693
2021/10/10 10:00:00,751.633,9.693
2021/10/10 10:15:00,752.100,9.693
2021/10/10 10:30:00,752.100,9.693
2021/10/10 10:45:00,752.275,9.693
2021/10/10 11:00:00,752.275,9.693
2021/10/10 11:15:00,752.450,9.693
2021/10/10 11:30:00,752.742,9.693
2021/10/10 11:45:00,752.742,9.693
2021/10/10 12:00:00,752.567,9.693
2021/10/10 12:15:00,752.742,9.693
2021/10/10 12:30:00,752.858,9.700
2021/10/10 12:45:00,752.567,9.700
2021/10/10 13:00:00,752.858,9.693
2021/10/10 13:15:00,752.742,9.700
2021/10/10 13:30:00,752.742,9.700
2021/10/10 13:45:00,753.033,9.693
2021/10/10 14:00:00,753.033,9.700
2021/10/10 14:15:00,753.033,9.693
2021/10/10 14:30:00,753.033,9.693
2021/10/10 14:45:00,753.208,9.693
2021/10/10 15:00:00,753.033,9.693
2021/10/10 15:15:00,753.325,9.693
2021/10/10 15:30:00,753.500,9.693
2021/10/10 15:45:00,753.325,9.693
2021/10/10 16:00:00,753.208,9.693
2021/10/10 16:15:00,753.500,9.687
2021/10/10 16:30:00,753.792,9.687
2021/10/10 16:45:00,753.792,9.687
2021/10/10 17:00:00,753.792,9.687
2021/10/10 17:15:00,753.967,9.687
2021/10/10 17:30:00,753.967,9.687
2021/10/10 17:45:00,753.675,9.680
2021/10/10 18:00:00,753.792,9.680
2021/10/10 18:15:00,753.967,9.680
2021/10/10 18:30:00,753.792,9.680
2021/10/10 18:45:00,753.792,9.680
2021/10/10 19:00:00,753.792,9.680
2021/10/10 19:15:00,754.083,9.673
2021/10/10 19:30:00,754.433,9.673
2021/10/10 19:45:00,754.258,9.673
2021/10/10 20:00:00,754.433,9.673
2021/10/10 20:15:00,754.258,9.673
2021/10/10 20:30:00,754.433,9.667
2021/10/10 20:45:00,754.550,9.667
2021/10/10 21:00:00,754.550,9.667
2021/10/10 21:15:00,754.725,9.667
2021/10/10 21:30:00,754.550,9.660
2021/10/10 21:45:00,754.550,9.660
2021/10/10 22:00:00,754.550,9.660
2021/10/10 22:15:00,754.725,9.653
2021/10/10 22:30:00,754.725,9.653
2021/10/10 22:45:00,754.725,9.653
2021/10/10 23:00:00,754.550,9.653
2021/10/10 23:15:00,754.550,9.647
2021/10/10 23:30:00,754.725,9.647
2021/10/10 23:45:00,754.550,9.647
2021/10/11 00:00:00,754.725,9.647
2021/10/11 00:15:00,754.433,9.640
2021/10/11 00:30:00,754.433,9.640
2021/10/11 00:45:00,754.433,9.640
2021/10/11 01:00:00,754.433,9.640
2021/10/11 01:15:00,754.258,9.640
2021/10/11 01:30:00,754.258,9.633
2021/10/11 01:45:00,753.967,9.633
2021/10/11 02:00:00,753.792,9.633
2021/10/11 02:15:00,753.792,9.627
2021/10/11 02:30:00,753.792,9.627
2021/10/11 02:45:00,753.617,9.627
2021/10/11 03:00:00,753.325,9.620
2021/10/11 03:15:00,753.208,9.620
2021/10/11 03:30:00,753.033,9.620
2021/10/11 03:45:00,753.208,9.620
2021/10/11 04:00:00,753.325,9.620
2021/10/11 04:15:00,753.033,9.613
2021/10/11 04:30:00,752.742,9.613
2021/10/11 04:45:00,752.742,9.613
2021/10/11 05:00:00,752.742,9.613
2021/10/11 05:15:00,752.858,9.607
2021/10/11 05:30:00,752.567,9.607
2021/10/11 05:45:00,752.567,9.607
2021/10/11 06:00:00,752.275,9.600
2021/10/11 06:15:00,752.450,9.600
2021/10/11 06:30:00,752.100,9.600
2021/10/11 06:45:00,752.100,9.600
2021/10/11 07:00:00,752.100,9.593
2021/10/11 07:15:00,751.983,9.593
2021/10/11 07:30:00,752.100,9.593
2021/10/11 07:45:00,751.983,9.593
2021/10/11 08:00:00,752.275,9.587
2021/10/11 08:15:00,752.392,9.587
2021/10/11 08:30:00,752.392,9.587
2021/10/11 08:45:00,752.100,9.580
2021/10/11 09:00:00,752.450,9.580
2021/10/11 09:15:00,752.275,9.580
2021/10/11 09:30:00,752.275,9.580
2021/10/11 09:45:00,752.275,9.573
2021/10/11 10:00:00,752.100,9.573
2021/10/11 10:15:00,752.275,9.567
2021/10/11 10:30:00,751.808,9.567
2021/10/11 10:45:00,751.808,9.567
2021/10/11 11:00:00,751.808,9.567
2021/10/11 11:15:00,751.342,9.560
2021/10/11 11:30:00,751.225,9.560
2021/10/11 11:45:00,751.517,9.560
2021/10/11 12:00:00,751.225,9.553
2021/10/11 12:15:00,751.225,9.553
2021/10/11 12:30:00,750.758,9.553
2021/10/11 12:45:00,750.758,9.547
2021/10/11 13:00:00,750.583,9.547
2021/10/11 13:15:00,750.117,9.540
2021/10/11 13:30:00,750.000,9.540
2021/10/11 13:45:00,749.650,9.540
2021/10/11 14:00:00,749.358,9.533
2021/10/11 14:15:00,749.358,9.533
2021/10/11 14:30:00,749.358,9.527
2021/10/11 14:45:00,749.358,9.527
2021/10/11 15:00:00,749.242,9.527
2021/10/11 15:15:00,748.892,9.520
2021/10/11 15:30:00,748.775,9.520
2021/10/11 15:45:00,748.600,9.513
2021/10/11 16:00:00,748.775,9.513
2021/10/11 16:15:00,748.600,9.513
2021/10/11 16:30:00,748.308,9.507
2021/10/11 16:45:00,748.308,9.500
2021/10/11 17:00:00,748.133,9.500
2021/10/11 17:15:00,748.133,9.500
2021/10/11 17:30:00,748.133,9.490
2021/10/11 17:45:00,747.842,9.483
2021/10/11 18:00:00,747.725,9.483
2021/10/11 18:15:00,747.725,9.483
2021/10/11 18:30:00,747.550,9.477
2021/10/11 18:45:00,747.725,9.477
2021/10/11 19:00:00,747.725,9.470
2021/10/11 19:15:00,747.550,9.470
2021/10/11 19:30:00,747.550,9.463
2021/10/11 19:45:00,747.550,9.463
2021/10/11 20:00:00,747.550,9.457
2021/10/11 20:15:00,747.375,9.457
2021/10/11 20:30:00,747.258,9.450
2021/10/11 20:45:00,747.083,9.443
2021/10/11 21:00:00,747.083,9.443
2021/10/11 21:15:00,747.083,9.443
2021/10/11 21:30:00,746.967,9.437
2021/10/11 21:45:00,746.792,9.437
2021/10/11 22:00:00,747.083,9.430
2021/10/11 22:15:00,746.967,9.430
2021/10/11 22:30:00,746.792,9.423
2021/10/11 22:45:00,746.617,9.423
2021/10/11 23:00:00,746.325,9.417
2021/10/11 23:15:00,746.033,9.417
2021/10/11 23:30:00,746.325,9.410
2021/10/11 23:45:00,746.325,9.410
2021/10/12 00:00:00,745.742,9.403
2021/10/12 00:15:00,745.858,9.403
2021/10/12 00:30:00,745.567,9.397
2021/10/12 00:45:00,745.450,9.397
2021/10/12 01:00:00,745.450,9.390
2021/10/12 01:15:00,745.450,9.390
2021/10/12 01:30:00,745.275,9.390
2021/10/12 01:45:00,744.808,9.383
2021/10/12 02:00:00,744.983,9.383
2021/10/12 02:15:00,744.808,9.377
2021/10/12 02:30:00,744.808,9.377
2021/10/12 02:45:00,744.808,9.370
2021/10/12 03:00:00,744.692,9.370
2021/10/12 03:15:00,744.517,9.370
2021/10/12 03:30:00,744.400,9.363
2021/10/12 03:45:00,744.225,9.363
2021/10/12 04:00:00,744.225,9.357
2021/10/12 04:15:00,743.758,9.357
2021/10/12 04:30:00,743.758,9.357
2021/10/12 04:45:00,743.758,9.350
2021/10/12 05:00:00,743.642,9.350
2021/10/12 05:15:00,743.467,9.343
2021/10/12 05:30:00,743.467,9.343
2021/10/12 05:45:00,743.175,9.343
2021/10/12 06:00:00,743.292,9.337
2021/10/12 06:15:00,743.467,9.337
2021/10/12 06:30:00,743.292,9.330
2021/10/12 06:45:00,743.175,9.330
2021/10/12 07:00:00,743.000,9.330
2021/10/12 07:15:00,743.292,9.323
2021/10/12 07:30:00,743.175,9.323
2021/10/12 07:45:00,743.000,9.323
2021/10/12 08:00:00,743.758,9.317
2021/10/12 08:15:00,743.642,9.317
2021/10/12 08:30:00,743.642,9.317
2021/10/12 08:45:00,743.642,9.310
2021/10/12 09:00:00,743.758,9.310
2021/10/12 09:15:00,743.758,9.303
2021/10/12 09:30:00,743.467,9.303
2021/10/12 09:45:00,743.292,9.303
2021/10/12 10:00:00,743.292,9.303
2021/10/12 10:15:00,743.758,9.297
2021/10/12 10:30:00,743.758,9.297
2021/10/12 10:45:00,743.642,9.297
2021/10/12 11:00:00,743.933,9.290
2021/10/12 11:15:00,744.050,9.290
2021/10/12 11:30:00,743.933,9.290
2021/10/12 11:45:00,743.758,9.283
2021/10/12 12:00:00,743.642,9.283
2021/10/12 12:15:00,743.642,9.283
2021/10/12 12:30:00,743.642,9.277
2021/10/12 12:45:00,743.292,9.277
2021/10/12 13:00:00,743.467,9.270
2021/10/12 13:15:00,743.000,9.270
2021/10/12 13:30:00,742.708,9.270
2021/10/12 13:45:00,742.533,9.270
2021/10/12 14:00:00,742.708,9.263
2021/10/12 14:15:00,742.417,9.263
2021/10/12 14:30:00,742.708,9.263
2021/10/12 14:45:00,743.175,9.257
2021/10/12 15:00:00,743.000,9.250
2021/10/12 15:15:00,743.292,9.250
2021/10/12 15:30:00,743.292,9.250
2021/10/12 15:45:00,743.758,9.250
2021/10/12 16:00:00,743.933,9.240
2021/10/12 16:15:00,744.225,9.240
2021/10/12 16:30:00,743.933,9.240
2021/10/12 16:45:00,744.050,9.233
2021/10/12 17:00:00,744.225,9.233
2021/10/12 17:15:00,744.692,9.227
2021/10/12 17:30:00,744.983,9.227
2021/10/12 17:45:00,745.450,9.227
2021/10/12 18:00:00,745.858,9.220
2021/10/12 18:15:00,746.208,9.220
2021/10/12 18:30:00,746.208,9.220
2021/10/12 18:45:00,746.500,9.213
2021/10/12 19:00:00,746.500,9.213
2021/10/12 19:15:00,746.617,9.207
2021/10/12 19:30:00,746.500,9.207
2021/10/12 19:45:00,746.617,9.207
2021/10/12 20:00:00,746.967,9.200
2021/10/12 20:15:00,746.967,9.200
2021/10/12 20:30:00,746.967,9.193
2021/10/12 20:45:00,747.083,9.193
2021/10/12 21:00:00,747.083,9.187
2021/10/12 21:15:00,746.967,9.187
2021/10/12 21:30:00,746.792,9.187
2021/10/12 21:45:00,747.083,9.180
2021/10/12 22:00:00,747.375,9.180
2021/10/12 22:15:00,747.258,9.173
2021/10/12 22:30:00,747.375,9.173
2021/10/12 22:45:00,747.083,9.167
2021/10/12 23:00:00,746.967,9.167
2021/10/12 23:15:00,747.258,9.160
2021/10/12 23:30:00,746.967,9.160
2021/10/12 23:45:00,746.967,9.153
2021/10/13 00:00:00,747.083,9.153
2021/10/13 00:15:00,747.550,9.153
2021/10/13 00:30:00,746.792,9.147
2021/10/13 00:45:00,747.083,9.140
2021/10/13 01:00:00,747.258,9.140
2021/10/13 01:15:00,747.083,9.140
2021/10/13 01:30:00,747.375,9.133
2021/10/13 01:45:00,747.083,9.133
2021/10/13 02:00:00,747.258,9.127
2021/10/13 02:15:00,747.550,9.127
2021/10/13 02:30:00,747.842,9.120
2021/10/13 02:45:00,747.842,9.113
2021/10/13 03:00:00,747.725,9.113
2021/10/13 03:15:00,747.258,9.113
2021/10/13 03:30:00,747.258,9.107
2021/10/13 03:45:00,747.258,9.107
2021/10/13 04:00:00,747.258,9.100
2021/10/13 04:15:00,747.258,9.100
2021/10/13 04:30:00,747.375,9.093
2021/10/13 04:45:00,747.725,9.093
2021/10/13 05:00:00,747.375,9.087
2021/10/13 05:15:00,747.725,9.087
2021/10/13 05:30:00,748.017,9.080
2021/10/13 05:45:00,748.308,9.080
2021/10/13 06:00:00,748.308,9.073
2021/10/13 06:15:00,748.308,9.067
2021/10/13 06:30:00,748.308,9.067
2021/10/13 06:45:00,748.600,9.060
2021/10/13 07:00:00,748.775,9.060
2021/10/13 07:15:00,748.600,9.053
2021/10/13 07:30:00,748.775,9.053
2021/10/13 07:45:00,748.775,9.047
2021/10/13 08:00:00,748.892,9.047
2021/10/13 08:15:00,748.892,9.040
2021/10/13 08:30:00,748.892,9.033
2021/10/13 08:45:00,748.775,9.033
2021/10/13 09:00:00,748.775,9.027
2021/10/13 09:15:00,748.775,9.027
2021/10/13 09:30:00,749.067,9.020
2021/10/13 09:45:00,749.067,9.020
2021/10/13 10:00:00,749.067,9.013
2021/10/13 10:15:00,749.242,9.007
2021/10/13 10:30:00,748.892,9.007
2021/10/13 10:45:00,748.892,9.000
2021/10/13 11:00:00,748.600,8.990
2021/10/13 11:15:00,749.067,8.990
2021/10/13 11:30:00,749.242,8.983
2021/10/13 11:45:00,749.067,8.977
2021/10/13 12:00:00,749.358,8.977
2021/10/13 12:15:00,749.067,8.970
2021/10/13 12:30:00,748.892,8.970
2021/10/13 12:45:00,748.892,8.963
2021/10/13 13:00:00,748.892,8.957
2021/10/13 13:15:00,749.067,8.957
2021/10/13 13:30:00,748.775,8.950
2021/10/13 13:45:00,749.067,8.943
2021/10/13 14:00:00,749.242,8.943
2021/10/13 14:15:00,749.067,8.937
2021/10/13 14:30:00,748.892,8.930
2021/10/13 14:45:00,749.067,8.930
2021/10/13 15:00:00,749.358,8.923
2021/10/13 15:15:00,749.358,8.917
2021/10/13 15:30:00,749.242,8.910
2021/10/13 15:45:00,749.067,8.910
2021/10/13 16:00:00,749.358,8.903
2021/10/13 16:15:00,749.533,8.897
2021/10/13 16:30:00,749.533,8.890
2021/10/13 16:45:00,749.358,8.890
2021/10/13 17:00:00,749.650,8.883
2021/10/13 17:15:00,749.825,8.877
2021/10/13 17:30:00,749.533,8.870
2021/10/13 17:45:00,749.650,8.870
2021/10/13 18:00:00,749.825,8.863
2021/10/13 18:15:00,750.117,8.857
2021/10/13 18:30:00,749.650,8.850
2021/10/13 18:45:00,750.000,8.850
2021/10/13 19:00:00,749.825,8.843
2021/10/13 19:15:00,749.825,8.837
2021/10/13 19:30:00,749.825,8.830
2021/10/13 19:45:00,750.000,8.823
2021/10/13 20:00:00,750.000,8.823
2021/10/13 20:15:00,750.000,8.817
2021/10/13 20:30:00,750.117,8.810
2021/10/13 20:45:00,750.117,8.803
2021/10/13 21:00:00,750.292,8.803
2021/10/13 21:15:00,750.117,8.797
2021/10/13 21:30:00,750.408,8.790
2021/10/13 21:45:00,750.583,8.790
2021/10/13 22:00:00,750.408,8.783
2021/10/13 22:15:00,750.292,8.777
2021/10/13 22:30:00,750.758,8.770
2021/10/13 22:45:00,750.758,8.763
2021/10/13 23:00:00,750.408,8.757
2021/10/13 23:15:00,750.408,8.757
2021/10/13 23:30:00,750.583,8.750
2021/10/13 23:45:00,750.758,8.740
2021/10/14 00:00:00,750.408,8.740
2021/10/14 00:15:00,750.408,8.733
2021/10/14 00:30:00,750.583,8.727
2021/10/14 00:45:00,750.583,8.720
2021/10/14 01:00:00,750.583,8.720
2021/10/14 01:15:00,750.408,8.713
2021/10/14 01:30:00,750.408,8.707
2021/10/14 01:45:00,750.292,8.707
2021/10/14 02:00:00,750.292,8.700
2021/10/14 02:15:00,750.408,8.693
2021/10/14 02:30:00,750.292,8.693
2021/10/14 02:45:00,750.292,8.687
2021/10/14 03:00:00,750.117,8.680
2021/10/14 03:15:00,750.292,8.680
2021/10/14 03:30:00,750.408,8.673
2021/10/14 03:45:00,750.292,8.667
2021/10/14 04:00:00,750.408,8.667
2021/10/14 04:15:00,750.583,8.660
2021/10/14 04:30:00,750.583,8.660
2021/10/14 04:45:00,750.408,8.653
2021/10/14 05:00:00,750.292,8.647
2021/10/14 05:15:00,750.408,8.647
2021/10/14 05:30:00,750.292,8.640
2021/10/14 05:45:00,750.408,8.633
2021/10/14 06:00:00,750.583,8.633
2021/10/14 06:15:00,750.583,8.627
2021/10/14 06:30:00,750.758,8.627
2021/10/14 06:45:00,750.758,8.620
2021/10/14 07:00:00,750.875,8.613
2021/10/14 07:15:00,750.758,8.613
2021/10/14 07:30:00,750.875,8.607
2021/10/14 07:45:00,751.167,8.607
2021/10/14 08:00:00,751.342,8.600
2021/10/14 08:15:00,751.342,8.600
2021/10/14 08:30:00,751.633,8.593
2021/10/14 08:45:00,751.633,8.587
2021/10/14 09:00:00,751.633,8.587
2021/10/14 09:15:00,751.517,8.580
2021/10/14 09:30:00,751.808,8.580
2021/10/14 09:45:00,751.808,8.573
2021/10/14 10:00:00,751.633,8.573
2021/10/14 10:15:00,751.983,8.567
2021/10/14 10:30:00,751.983,8.567
2021/10/14 10:45:00,751.983,8.560
2021/10/14 11:00:00,752.100,8.553
2021/10/14 11:15:00,752.392,8.553
2021/10/14 11:30:00,751.983,8.547
2021/10/14 11:45:00,752.100,8.547
2021/10/14 12:00:00,752.275,8.540
2021/10/14 12:15:00,752.275,8.540
2021/10/14 12:30:00,752.100,8.533
2021/10/14 12:45:00,752.100,8.533
2021/10/14 13:00:00,752.100,8.527
2021/10/14 13:15:00,752.100,8.520
2021/10/14 13:30:00,751.808,8.520
2021/10/14 13:45:00,751.517,8.513
2021/10/14 14:00:00,751.808,8.507
2021/10/14 14:15:00,752.100,8.507
2021/10/14 14:30:00,751.983,8.500
2021/10/14 14:45:00,752.100,8.500
2021/10/14 15:00:00,752.275,8.490
2021/10/14 15:15:00,752.275,8.490
2021/10/14 15:30:00,752.392,8.483
2021/10/14 15:45:00,752.275,8.483
2021/10/14 16:00:00,752.275,8.477
2021/10/14 16:15:00,752.100,8.470
2021/10/14 16:30:00,752.392,8.470
2021/10/14 16:45:00,752.567,8.463
2021/10/14 17:00:00,752.567,8.463
2021/10/14 17:15:00,752.742,8.457
2021/10/14 17:30:00,753.033,8.457
2021/10/14 17:45:00,753.033,8.450
2021/10/14 18:00:00,752.858,8.450
2021/10/14 18:15:00,753.208,8.443
2021/10/14 18:30:00,753.325,8.437
2021/10/14 18:45:00,753.325,8.437
2021/10/14 19:00:00,753.208,8.430
2021/10/14 19:15:00,753.325,8.430
2021/10/14 19:30:00,753.617,8.423
2021/10/14 19:45:00,753.792,8.423
2021/10/14 20:00:00,753.967,8.417
2021/10/14 20:15:00,754.083,8.410
2021/10/14 20:30:00,754.083,8.410
2021/10/14 20:45:00,754.433,8.403
2021/10/14 21:00:00,754.258,8.403
2021/10/14 21:15:00,754.258,8.397
2021/10/14 21:30:00,754.433,8.397
2021/10/14 21:45:00,754.550,8.390
2021/10/14 22:00:00,754.550,8.383
2021/10/14 22:15:00,754.550,8.383
2021/10/14 22:30:00,754.550,8.377
2021/10/14 22:45:00,754.550,8.377
2021/10/14 23:00:00,754.433,8.370
2021/10/14 23:15:00,754.725,8.370
2021/10/14 23:30:00,754.433,8.370
2021/10/14 23:45:00,754.550,8.363
2021/10/15 00:00:00,754.083,8.357
2021/10/15 00:15:00,754.258,8.357
2021/10/15 00:30:00,754.258,8.357
2021/10/15 00:45:00,754.258,8.350
2021/10/15 01:00:00,754.258,8.350
2021/10/15 01:15:00,754.433,8.343
2021/10/15 01:30:00,754.550,8.343
2021/10/15 01:45:00,754.550,8.337
2021/10/15 02:00:00,754.550,8.337
2021/10/15 02:15:00,754.842,8.330
2021/10/15 02:30:00,754.842,8.330
2021/10/15 02:45:00,755.017,8.330
2021/10/15 03:00:00,754.725,8.323
2021/10/15 03:15:00,754.842,8.323
2021/10/15 03:30:00,754.842,8.317
2021/10/15 03:45:00,754.842,8.317
2021/10/15 04:00:00,754.725,8.310
2021/10/15 04:15:00,754.842,8.310
2021/10/15 04:30:00,755.017,8.310
2021/10/15 04:45:00,755.308,8.303
2021/10/15 05:00:00,755.658,8.303
2021/10/15 05:15:00,755.483,8.297
2021/10/15 05:30:00,755.483,8.297
2021/10/15 05:45:00,756.067,8.297
2021/10/15 06:00:00,756.242,8.290
2021/10/15 06:15:00,756.417,8.290
2021/10/15 06:30:00,756.417,8.283
2021/10/15 06:45:00,756.533,8.283
2021/10/15 07:00:00,756.708,8.283
2021/10/15 07:15:00,756.708,8.277
2021/10/15 07:30:00,756.533,8.277
2021/10/15 07:45:00,757.000,8.270
2021/10/15 08:00:00,757.175,8.270
2021/10/15 08:15:00,757.292,8.270
2021/10/15 08:30:00,757.642,8.270
2021/10/15 08:45:00,757.758,8.263
2021/10/15 09:00:00,757.758,8.263
2021/10/15 09:15:00,758.108,8.257
2021/10/15 09:30:00,758.225,8.257
2021/10/15 09:45:00,758.517,8.250
2021/10/15 10:00:00,758.517,8.250
2021/10/15 10:15:00,758.517,8.250
2021/10/15 10:30:00,758.517,8.240
2021/10/15 10:45:00,758.867,8.240
2021/10/15 11:00:00,758.983,8.240
2021/10/15 11:15:00,758.867,8.233
2021/10/15 11:30:00,758.983,8.233
2021/10/15 11:45:00,759.158,8.233
2021/10/15 12:00:00,759.333,8.227
2021/10/15 12:15:00,759.333,8.227
2021/10/15 12:30:00,759.158,8.220
2021/10/15 12:45:00,759.450,8.220
2021/10/15 13:00:00,759.333,8.220
2021/10/15 13:15:00,759.450,8.213
2021/10/15 13:30:00,759.158,8.213
2021/10/15 13:45:00,759.333,8.213
2021/10/15 14:00:00,759.158,8.207
2021/10/15 14:15:00,759.333,8.200
2021/10/15 14:30:00,759.333,8.200
2021/10/15 14:45:00,759.333,8.200
2021/10/15 15:00:00,759.625,8.193
2021/10/15 15:15:00,759.742,8.193
2021/10/15 15:30:00,759.742,8.193
2021/10/15 15:45:00,760.092,8.187
2021/10/15 16:00:00,759.917,8.187
2021/10/15 16:15:00,759.917,8.180
2021/10/15 16:30:00,760.092,8.180
2021/10/15 16:45:00,760.092,8.173
2021/10/15 17:00:00,760.208,8.173
2021/10/15 17:15:00,760.383,8.167
2021/10/15 17:30:00,760.208,8.167
2021/10/15 17:45:00,760.383,8.167
2021/10/15 18:00:00,760.208,8.160
2021/10/15 18:15:00,760.208,8.160
2021/10/15 18:30:00,760.383,8.153
2021/10/15 18:45:00,760.208,8.153
2021/10/15 19:00:00,760.558,8.147
2021/10/15 19:15:00,760.850,8.147
2021/10/15 19:30:00,760.675,8.140
2021/10/15 19:45:00,760.675,8.140
2021/10/15 20:00:00,760.967,8.133
2021/10/15 20:15:00,760.850,8.133
2021/10/15 20:30:00,760.967,8.133
2021/10/15 20:45:00,761.317,8.127
2021/10/15 21:00:00,761.317,8.120
2021/10/15 21:15:00,761.433,8.120
2021/10/15 21:30:00,761.608,8.113
2021/10/15 21:45:00,761.608,8.113
2021/10/15 22:00:00,762.075,8.107
2021/10/15 22:15:00,761.900,8.107
2021/10/15 22:30:00,761.900,8.100
2021/10/15 22:45:00,761.900,8.100
2021/10/15 23:00:00,761.900,8.100
2021/10/15 23:15:00,761.783,8.093
2021/10/15 23:30:00,761.608,8.093
2021/10/15 23:45:00,761.783,8.087
2021/10/16 00:00:00,761.783,8.087
2021/10/16 00:15:00,761.608,8.080
2021/10/16 00:30:00,761.433,8.080
2021/10/16 00:45:00,761.433,8.073
2021/10/16 01:00:00,761.608,8.073
2021/10/16 01:15:00,761.433,8.067
2021/10/16 01:30:00,761.433,8.067
2021/10/16 01:45:00,761.317,8.060
2021/10/16 02:00:00,761.317,8.060
2021/10/16 02:15:00,761.317,8.053
2021/10/16 02:30:00,761.142,8.053
2021/10/16 02:45:00,761.142,8.047
2021/10/16 03:00:00,760.967,8.047
2021/10/16 03:15:00,760.967,8.040
2021/10/16 03:30:00,760.967,8.040
2021/10/16 03:45:00,761.142,8.033
2021/10/16 04:00:00,760.967,8.033
2021/10/16 04:15:00,760.967,8.033
2021/10/16 04:30:00,761.142,8.027
2021/10/16 04:45:00,761.142,8.027
2021/10/16 05:00:00,760.967,8.020
2021/10/16 05:15:00,761.142,8.020
2021/10/16 05:30:00,761.317,8.020
2021/10/16 05:45:00,761.317,8.013
2021/10/16 06:00:00,761.317,8.013
2021/10/16 06:15:00,761.317,8.013
2021/10/16 06:30:00,761.317,8.007
2021/10/16 06:45:00,761.317,8.007
2021/10/16 07:00:00,761.433,8.000
2021/10/16 07:15:00,761.433,8.000
2021/10/16 07:30:00,761.433,8.000
2021/10/16 07:45:00,761.608,7.990
2021/10/16 08:00:00,761.783,7.990
2021/10/16 08:15:00,761.783,7.983
2021/10/16 08:30:00,761.608,7.983
2021/10/16 08:45:00,762.075,7.977
2021/10/16 09:00:00,761.783,7.977
2021/10/16 09:15:00,761.900,7.977
2021/10/16 09:30:00,761.900,7.970
2021/10/16 09:45:00,762.075,7.970
2021/10/16 10:00:00,762.192,7.970
2021/10/16 10:15:00,761.900,7.963
2021/10/16 10:30:00,762.075,7.963
2021/10/16 10:45:00,762.075,7.963
2021/10/16 11:00:00,762.192,7.957
2021/10/16 11:15:00,762.075,7.957
2021/10/16 11:30:00,762.075,7.950
2021/10/16 11:45:00,762.192,7.950
2021/10/16 12:00:00,762.192,7.943
2021/10/16 12:15:00,762.075,7.943
2021/10/16 12:30:00,761.900,7.943
2021/10/16 12:45:00,761.783,7.937
2021/10/16 13:00:00,761.608,7.937
2021/10/16 13:15:00,761.608,7.930
2021/10/16 13:30:00,761.433,7.930
2021/10/16 13:45:00,761.433,7.930
2021/10/16 14:00:00,761.142,7.923
2021/10/16 14:15:00,761.142,7.923
2021/10/16 14:30:00,761.142,7.917
2021/10/16 14:45:00,761.142,7.917
2021/10/16 15:00:00,761.317,7.910
2021/10/16 15:15:00,761.142,7.910
2021/10/16 15:30:00,760.967,7.903
2021/10/16 15:45:00,760.967,7.903
2021/10/16 16:00:00,761.142,7.903
2021/10/16 16:15:00,760.967,7.897
2021/10/16 16:30:00,760.967,7.897
2021/10/16 16:45:00,761.142,7.890
2021/10/16 17:00:00,760.967,7.890
2021/10/16 17:15:00,760.850,7.883
2021/10/16 17:30:00,760.850,7.883
2021/10/16 17:45:00,760.967,7.877
2021/10/16 18:00:00,760.967,7.877
2021/10/16 18:15:00,761.142,7.870
2021/10/16 18:30:00,761.142,7.870
2021/10/16 18:45:00,761.142,7.863
2021/10/16 19:00:00,761.142,7.863
2021/10/16 19:15:00,761.433,7.857
2021/10/16 19:30:00,761.608,7.857
2021/10/16 19:45:00,761.608,7.857
2021/10/16 20:00:00,761.783,7.850
2021/10/16 20:15:00,761.783,7.850
2021/10/16 20:30:00,761.783,7.843
2021/10/16 20:45:00,761.783,7.843
2021/10/16 21:00:00,761.608,7.837
2021/10/16 21:15:00,761.783,7.837
2021/10/16 21:30:00,761.783,7.830
2021/10/16 21:45:00,761.783,7.830
2021/10/16 22:00:00,761.900,7.830
2021/10/16 22:15:00,761.783,7.823
2021/10/16 22:30:00,761.783,7.823
2021/10/16 22:45:00,761.900,7.817
2021/10/16 23:00:00,761.900,7.817
2021/10/16 23:15:00,761.900,7.810
2021/10/16 23:30:00,762.075,7.810
2021/10/16 23:45:00,762.075,7.810
2021/10/17 00:00:00,762.075,7.803
2021/10/17 00:15:00,762.075,7.803
2021/10/17 00:30:00,762.192,7.797
2021/10/17 00:45:00,762.192,7.797
2021/10/17 01:00:00,762.075,7.797
2021/10/17 01:15:00,761.608,7.790
2021/10/17 01:30:00,761.783,7.790
2021/10/17 01:45:00,761.317,7.783
2021/10/17 02:00:00,761.433,7.783
2021/10/17 02:15:00,761.433,7.777
2021/10/17 02:30:00,761.608,7.777
2021/10/17 02:45:00,761.433,7.777
2021/10/17 03:00:00,761.142,7.770
2021/10/17 03:15:00,760.967,7.770
2021/10/17 03:30:00,760.967,7.770
2021/10/17 03:45:00,760.850,7.770
2021/10/17 04:00:00,760.850,7.763
2021/10/17 04:15:00,760.675,7.763
2021/10/17 04:30:00,760.850,7.757
2021/10/17 04:45:00,760.500,7.757
2021/10/17 05:00:00,760.500,7.757
2021/10/17 05:15:00,760.558,7.750
2021/10/17 05:30:00,760.208,7.750
2021/10/17 05:45:00,760.092,7.750
2021/10/17 06:00:00,760.208,7.740
2021/10/17 06:15:00,760.208,7.740
2021/10/17 06:30:00,760.208,7.740
2021/10/17 06:45:00,760.208,7.733
2021/10/17 07:00:00,760.558,7.733
2021/10/17 07:15:00,760.208,7.733
2021/10/17 07:30:00,760.208,7.733
2021/10/17 07:45:00,760.208,7.727
2021/10/17 08:00:00,760.383,7.727
2021/10/17 08:15:00,760.558,7.727
2021/10/17 08:30:00,760.383,7.720
2021/10/17 08:45:00,760.558,7.720
2021/10/17 09:00:00,760.558,7.720
2021/10/17 09:15:00,760.558,7.720
2021/10/17 09:30:00,760.850,7.713
2021/10/17 09:45:00,760.500,7.713
2021/10/17 10:00:00,760.500,7.713
2021/10/17 10:15:00,760.383,7.713
2021/10/17 10:30:00,760.208,7.713
2021/10/17 10:45:00,760.092,7.707
2021/10/17 11:00:00,760.092,7.707
2021/10/17 11:15:00,759.917,7.707
2021/10/17 11:30:00,759.917,7.700
2021/10/17 11:45:00,759.917,7.700
2021/10/17 12:00:00,759.625,7.700
2021/10/17 12:15:00,759.625,7.700
2021/10/17 12:30:00,759.450,7.700
2021/10/17 12:45:00,759.333,7.693
2021/10/17 13:00:00,758.983,7.693
2021/10/17 13:15:00,758.983,7.693
2021/10/17 13:30:00,758.692,7.687
2021/10/17 13:45:00,758.400,7.687
2021/10/17 14:00:00,758.400,7.687
2021/10/17 14:15:00,758.225,7.687
2021/10/17 14:30:00,758.400,7.680
2021/10/17 14:45:00,758.108,7.680
2021/10/17 15:00:00,757.933,7.680
2021/10/17 15:15:00,757.933,7.673
2021/10/17 15:30:00,757.467,7.673
2021/10/17 15:45:00,757.292,7.673
2021/10/17 16:00:00,757.175,7.667
2021/10/17 16:15:00,757.175,7.667
2021/10/17 16:30:00,757.175,7.667
2021/10/17 16:45:00,757.000,7.667
2021/10/17 17:00:00,756.883,7.660
2021/10/17 17:15:00,757.000,7.660
2021/10/17 17:30:00,756.883,7.660
2021/10/17 17:45:00,756.533,7.653
2021/10/17 18:00:00,756.533,7.653
2021/10/17 18:15:00,756.533,7.653
2021/10/17 18:30:00,756.242,7.647
2021/10/17 18:45:00,756.417,7.647
2021/10/17 19:00:00,756.708,7.640
2021/10/17 19:15:00,756.533,7.640
2021/10/17 19:30:00,756.708,7.640
2021/10/17 19:45:00,756.883,7.640
2021/10/17 20:00:00,756.883,7.633
2021/10/17 20:15:00,756.883,7.633
2021/10/17 20:30:00,757.175,7.633
2021/10/17 20:45:00,757.000,7.627
2021/10/17 21:00:00,757.000,7.627
2021/10/17 21:15:00,756.883,7.627
2021/10/17 21:30:00,757.000,7.620
2021/10/17 21:45:00,756.883,7.620
2021/10/17 22:00:00,757.000,7.620
2021/10/17 22:15:00,756.883,7.620
2021/10/17 22:30:00,756.533,7.613
2021/10/17 22:45:00,756.417,7.613
2021/10/17 23:00:00,756.533,7.613
2021/10/17 23:15:00,756.242,7.607
2021/10/17 23:30:00,755.950,7.607
2021/10/17 23:45:00,755.950,7.607
2021/10/18 00:00:00,755.775,7.607
2021/10/18 00:15:00,755.775,7.600
2021/10/18 00:30:00,755.658,7.600
2021/10/18 00:45:00,755.483,7.600
2021/10/18 01:00:00,755.658,7.600
2021/10/18 01:15:00,755.308,7.593
2021/10/18 01:30:00,755.192,7.593
2021/10/18 01:45:00,755.017,7.593
2021/10/18 02:00:00,755.017,7.593
2021/10/18 02:15:00,755.017,7.593
2021/10/18 02:30:00,754.842,7.587
2021/10/18 02:45:00,754.842,7.587
2021/10/18 03:00:00,754.550,7.587
2021/10/18 03:15:00,754.433,7.587
2021/10/18 03:30:00,754.433,7.587
2021/10/18 03:45:00,754.433,7.587
2021/10/18 04:00:00,754.258,7.580
2021/10/18 04:15:00,754.083,7.580
2021/10/18 04:30:00,753.967,7.580
2021/10/18 04:45:00,753.967,7.580
2021/10/18 05:00:00,753.967,7.580
2021/10/18 05:15:00,753.617,7.573
2021/10/18 05:30:00,753.617,7.573
2021/10/18 05:45:00,753.617,7.573
2021/10/18 06:00:00,753.617,7.573
2021/10/18 06:15:00,753.617,7.573
2021/10/18 06:30:00,753.617,7.573
2021/10/18 06:45:00,753.617,7.573
2021/10/18 07:00:00,753.617,7.573
2021/10/18 07:15:00,753.617,7.567
2021/10/18 07:30:00,753.500,7.567
2021/10/18 07:45:00,753.500,7.567
2021/10/18 08:00:00,753.500,7.567
2021/10/18 08:15:00,753.792,7.567
2021/10/18 08:30:00,753.792,7.567
2021/10/18 08:45:00,753.617,7.567
2021/10/18 09:00:00,753.792,7.567
2021/10/18 09:15:00,753.792,7.560
2021/10/18 09:30:00,753.500,7.567
2021/10/18 09:45:00,753.500,7.567
2021/10/18 10:00:00,753.617,7.560
2021/10/18 10:15:00,753.617,7.560
2021/10/18 10:30:00,753.500,7.560
2021/10/18 10:45:00,753.500,7.560
2021/10/18 11:00:00,753.500,7.560
2021/10/18 11:15:00,753.500,7.560
2021/10/18 11:30:00,753.033,7.560
2021/10/18 11:45:00,753.208,7.560
2021/10/18 12:00:00,752.858,7.560
2021/10/18 12:15:00,753.033,7.560
2021/10/18 12:30:00,752.275,7.560
2021/10/18 12:45:00,751.983,7.553
2021/10/18 13:00:00,752.100,7.553
2021/10/18 13:15:00,751.808,7.553
2021/10/18 13:30:00,751.517,7.553
2021/10/18 13:45:00,751.167,7.553
2021/10/18 14:00:00,750.875,7.553
2021/10/18 14:15:00,750.875,7.553
2021/10/18 14:30:00,751.050,7.553
2021/10/18 14:45:00,751.050,7.553
2021/10/18 15:00:00,750.875,7.553
2021/10/18 15:15:00,750.875,7.553
2021/10/18 15:30:00,750.875,7.553
2021/10/18 15:45:00,750.758,7.553
2021/10/18 16:00:00,750.583,7.547
2021/10/18 16:15:00,750.583,7.547
2021/10/18 16:30:00,750.292,7.547
2021/10/18 16:45:00,750.408,7.547
2021/10/18 17:00:00,750.408,7.547
2021/10/18 17:15:00,750.292,7.547
2021/10/18 17:30:00,750.117,7.547
2021/10/18 17:45:00,749.825,7.547
2021/10/18 18:00:00,749.825,7.547
2021/10/18 18:15:00,749.825,7.547
2021/10/18 18:30:00,749.825,7.547
2021/10/18 18:45:00,749.650,7.547
2021/10/18 19:00:00,750.000,7.547
2021/10/18 19:15:00,749.825,7.547
2021/10/18 19:30:00,750.000,7.540
2021/10/18 19:45:00,750.000,7.547
2021/10/18 20:00:00,750.000,7.540
2021/10/18 20:15:00,750.117,7.540
2021/10/18 20:30:00,750.000,7.540
2021/10/18 20:45:00,750.117,7.540
2021/10/18 21:00:00,750.117,7.540
2021/10/18 21:15:00,750.583,7.540
2021/10/18 21:30:00,750.408,7.540
2021/10/18 21:45:00,750.408,7.540
2021/10/18 22:00:00,750.408,7.540
2021/10/18 22:15:00,750.875,7.540
2021/10/18 22:30:00,750.758,7.540
2021/10/18 22:45:00,750.583,7.540
2021/10/18 23:00:00,750.583,7.540
2021/10/18 23:15:00,750.758,7.540
2021/10/18 23:30:00,750.758,7.540
2021/10/18 23:45:00,750.408,7.540
2021/10/19 00:00:00,750.408,7.540
2021/10/19 00:15:00,750.292,7.540
2021/10/19 00:30:00,750.408,7.540
2021/10/19 00:45:00,750.292,7.540
2021/10/19 01:00:00,750.292,7.540
2021/10/19 01:15:00,750.117,7.540
2021/10/19 01:30:00,749.825,7.540
2021/10/19 01:45:00,749.650,7.540
2021/10/19 02:00:00,749.533,7.540
2021/10/19 02:15:00,749.242,7.540
2021/10/19 02:30:00,749.242,7.540
2021/10/19 02:45:00,748.892,7.540
2021/10/19 03:00:00,748.775,7.540
2021/10/19 03:15:00,748.892,7.547
2021/10/19 03:30:00,748.892,7.547
2021/10/19 03:45:00,748.775,7.547
2021/10/19 04:00:00,749.067,7.547
2021/10/19 04:15:00,748.892,7.547
2021/10/19 04:30:00,749.067,7.547
2021/10/19 04:45:00,749.067,7.547
2021/10/19 05:00:00,749.242,7.547
2021/10/19 05:15:00,749.242,7.547
2021/10/19 05:30:00,749.358,7.553
2021/10/19 05:45:00,749.242,7.553
2021/10/19 06:00:00,749.358,7.553
2021/10/19 06:15:00,749.533,7.553
2021/10/19 06:30:00,749.358,7.553
2021/10/19 06:45:00,749.242,7.553
2021/10/19 07:00:00,749.242,7.553
2021/10/19 07:15:00,749.358,7.553
2021/10/19 07:30:00,749.242,7.553
2021/10/19 07:45:00,749.358,7.553
2021/10/19 08:00:00,749.825,7.560
2021/10/19 08:15:00,750.000,7.560
2021/10/19 08:30:00,750.000,7.560
2021/10/19 08:45:00,750.000,7.560
2021/10/19 09:00:00,750.292,7.560
2021/10/19 09:15:00,750.408,7.560
2021/10/19 09:30:00,750.408,7.560
2021/10/19 09:45:00,750.875,7.560
2021/10/19 10:00:00,750.583,7.560
2021/10/19 10:15:00,750.875,7.567
2021/10/19 10:30:00,750.758,7.567
2021/10/19 10:45:00,750.292,7.567
2021/10/19 11:00:00,750.292,7.567
2021/10/19 11:15:00,750.292,7.567
2021/10/19 11:30:00,750.292,7.567
2021/10/19 11:45:00,750.408,7.567
2021/10/19 12:00:00,750.408,7.567
2021/10/19 12:15:00,750.292,7.567
2021/10/19 12:30:00,750.292,7.573
2021/10/19 12:45:00,750.117,7.573
2021/10/19 13:00:00,750.117,7.573
2021/10/19 13:15:00,750.117,7.573
2021/10/19 13:30:00,749.650,7.573
2021/10/19 13:45:00,749.825,7.573
2021/10/19 14:00:00,750.117,7.573
2021/10/19 14:15:00,749.825,7.573
2021/10/19 14:30:00,750.000,7.573
2021/10/19 14:45:00,750.292,7.580
2021/10/19 15:00:00,750.117,7.573
2021/10/19 15:15:00,750.292,7.580
2021/10/19 15:30:00,750.292,7.580
2021/10/19 15:45:00,750.583,7.580
2021/10/19 16:00:00,750.758,7.580
2021/10/19 16:15:00,750.583,7.580
2021/10/19 16:30:00,750.583,7.580
2021/10/19 16:45:00,750.758,7.580
2021/10/19 17:00:00,750.875,7.580
2021/10/19 17:15:00,750.875,7.580
2021/10/19 17:30:00,750.875,7.580
2021/10/19 17:45:00,751.167,7.580
2021/10/19 18:00:00,751.050,7.587
2021/10/19 18:15:00,751.050,7.587
2021/10/19 18:30:00,751.167,7.587
2021/10/19 18:45:00,751.167,7.587
2021/10/19 19:00:00,751.517,7.587
2021/10/19 19:15:00,751.633,7.587
2021/10/19 19:30:00,751.808,7.587
2021/10/19 19:45:00,752.100,7.587
2021/10/19 20:00:00,752.100,7.587
2021/10/19 20:15:00,752.275,7.587
2021/10/19 20:30:00,752.392,7.587
2021/10/19 20:45:00,752.567,7.587
2021/10/19 21:00:00,752.742,7.587
2021/10/19 21:15:00,753.208,7.587
2021/10/19 21:30:00,753.325,7.587
2021/10/19 21:45:00,753.208,7.593
2021/10/19 22:00:00,753.500,7.593
2021/10/19 22:15:00,753.792,7.593
2021/10/19 22:30:00,753.617,7.593
2021/10/19 22:45:00,753.792,7.593
2021/10/19 23:00:00,753.792,7.593
2021/10/19 23:15:00,753.500,7.593
2021/10/19 23:30:00,753.500,7.593
2021/10/19 23:45:00,753.500,7.593
2021/10/20 00:00:00,753.617,7.593
2021/10/20 00:15:00,753.617,7.593
2021/10/20 00:30:00,753.325,7.593
2021/10/20 00:45:00,753.500,7.593
2021/10/20 01:00:00,753.500,7.593
2021/10/20 01:15:00,753.500,7.593
2021/10/20 01:30:00,753.617,7.600
2021/10/20 01:45:00,753.617,7.600
2021/10/20 02:00:00,753.617,7.600
2021/10/20 02:15:00,753.500,7.600
2021/10/20 02:30:00,753.500,7.600
2021/10/20 02:45:00,753.500,7.600
2021/10/20 03:00:00,753.500,7.600
2021/10/20 03:15:00,753.500,7.600
2021/10/20 03:30:00,753.325,7.600
2021/10/20 03:45:00,753.617,7.600
2021/10/20 04:00:00,753.617,7.600
2021/10/20 04:15:00,753.792,7.600
2021/10/20 04:30:00,753.617,7.600
2021/10/20 04:45:00,753.792,7.607
2021/10/20 05:00:00,753.967,7.600
2021/10/20 05:15:00,754.083,7.600
2021/10/20 05:30:00,753.967,7.607
2021/10/20 05:45:00,753.967,7.607
2021/10/20 06:00:00,754.083,7.607
2021/10/20 06:15:00,754.258,7.607
2021/10/20 06:30:00,754.550,7.607
2021/10/20 06:45:00,754.258,7.607
2021/10/20 07:00:00,754.433,7.607
2021/10/20 07:15:00,754.550,7.607
2021/10/20 07:30:00,754.550,7.607
2021/10/20 07:45:00,754.725,7.607
2021/10/20 08:00:00,755.017,7.607
2021/10/20 08:15:00,755.308,7.607
2021/10/20 08:30:00,755.308,7.607
2021/10/20 08:45:00,755.658,7.607
2021/10/20 09:00:00,755.775,7.613
2021/10/20 09:15:00,755.950,7.607
2021/10/20 09:30:00,755.950,7.613
2021/10/20 09:45:00,756.067,7.613
2021/10/20 10:00:00,756.067,7.613
2021/10/20 10:15:00,755.950,7.613
2021/10/20 10:30:00,756.067,7.613
2021/10/20 10:45:00,756.067,7.613
2021/10/20 11:00:00,755.950,7.613
2021/10/20 11:15:00,755.950,7.613
2021/10/20 11:30:00,755.950,7.613
2021/10/20 11:45:00,756.067,7.613
2021/10/20 12:00:00,756.242,7.613
2021/10/20 12:15:00,755.950,7.613
2021/10/20 12:30:00,756.067,7.613
2021/10/20 12:45:00,755.950,7.613
2021/10/20 13:00:00,756.067,7.613
2021/10/20 13:15:00,755.950,7.613
2021/10/20 13:30:00,755.950,7.613
2021/10/20 13:45:00,755.950,7.613
2021/10/20 14:00:00,755.308,7.613
2021/10/20 14:15:00,755.658,7.613
2021/10/20 14:30:00,755.658,7.607
2021/10/20 14:45:00,755.775,7.613
2021/10/20 15:00:00,755.775,7.607
2021/10/20 15:15:00,755.658,7.607
2021/10/20 15:30:00,755.658,7.607
2021/10/20 15:45:00,755.775,7.607
2021/10/20 16:00:00,755.775,7.607
2021/10/20 16:15:00,755.658,7.607
2021/10/20 16:30:00,755.775,7.607
2021/10/20 16:45:00,755.658,7.607
2021/10/20 17:00:00,755.775,7.607
2021/10/20 17:15:00,755.658,7.607
2021/10/20 17:30:00,755.775,7.607
2021/10/20 17:45:00,755.950,7.600
2021/10/20 18:00:00,755.950,7.600
2021/10/20 18:15:00,755.775,7.600
2021/10/20 18:30:00,755.950,7.600
2021/10/20 18:45:00,756.067,7.600
2021/10/20 19:00:00,756.067,7.600
2021/10/20 19:15:00,756.242,7.600
2021/10/20 19:30:00,756.533,7.600
2021/10/20 19:45:00,756.417,7.593
2021/10/20 20:00:00,756.708,7.600
2021/10/20 20:15:00,756.883,7.593
2021/10/20 20:30:00,756.883,7.593
2021/10/20 20:45:00,756.883,7.593
2021/10/20 21:00:00,756.883,7.593
2021/10/20 21:15:00,756.883,7.593
2021/10/20 21:30:00,756.883,7.593
2021/10/20 21:45:00,756.883,7.587
2021/10/20 22:00:00,757.000,7.587
2021/10/20 22:15:00,756.883,7.587
2021/10/20 22:30:00,757.175,7.587
2021/10/20 22:45:00,757.000,7.587
2021/10/20 23:00:00,757.175,7.587
2021/10/20 23:15:00,757.000,7.587
2021/10/20 23:30:00,757.175,7.580
2021/10/20 23:45:00,757.000,7.580
2021/10/21 00:00:00,756.883,7.580
2021/10/21 00:15:00,757.000,7.580
2021/10/21 00:30:00,756.883,7.580
2021/10/21 00:45:00,757.175,7.580
2021/10/21 01:00:00,757.175,7.580
2021/10/21 01:15:00,757.000,7.580
2021/10/21 01:30:00,757.000,7.580
2021/10/21 01:45:00,757.000,7.573
2021/10/21 02:00:00,756.883,7.573
2021/10/21 02:15:00,757.000,7.573
2021/10/21 02:30:00,756.883,7.573
2021/10/21 02:45:00,756.883,7.573
2021/10/21 03:00:00,756.883,7.573
2021/10/21 03:15:00,756.883,7.573
2021/10/21 03:30:00,756.708,7.573
2021/10/21 03:45:00,756.533,7.567
2021/10/21 04:00:00,756.708,7.567
2021/10/21 04:15:00,756.533,7.567
2021/10/21 04:30:00,756.533,7.567
2021/10/21 04:45:00,756.533,7.567
2021/10/21 05:00:00,756.533,7.567
2021/10/21 05:15:00,756.533,7.567
2021/10/21 05:30:00,756.533,7.567
2021/10/21 05:45:00,756.883,7.567
2021/10/21 06:00:00,756.708,7.567
2021/10/21 06:15:00,756.883,7.560
2021/10/21 06:30:00,756.883,7.560
2021/10/21 06:45:00,757.175,7.560
2021/10/21 07:00:00,757.292,7.560
2021/10/21 07:15:00,757.175,7.560
2021/10/21 07:30:00,757.175,7.560
2021/10/21 07:45:00,757.175,7.560
2021/10/21 08:00:00,757.292,7.560
2021/10/21 08:15:00,757.292,7.560
2021/10/21 08:30:00,757.467,7.560
2021/10/21 08:45:00,757.467,7.553
2021/10/21 09:00:00,757.758,7.560
2021/10/21 09:15:00,757.933,7.553
2021/10/21 09:30:00,757.758,7.553
2021/10/21 09:45:00,757.758,7.553
2021/10/21 10:00:00,757.758,7.553
2021/10/21 10:15:00,757.642,7.553
2021/10/21 10:30:00,757.758,7.553
2021/10/21 10:45:00,757.642,7.553
2021/10/21 11:00:00,757.642,7.547
2021/10/21 11:15:00,757.758,7.547
2021/10/21 11:30:00,757.642,7.547
2021/10/21 11:45:00,757.758,7.547
2021/10/21 12:00:00,757.758,7.547
2021/10/21 12:15:00,757.933,7.547
2021/10/21 12:30:00,757.758,7.547
2021/10/21 12:45:00,757.467,7.547
2021/10/21 13:00:00,757.642,7.547
2021/10/21 13:15:00,757.758,7.540
2021/10/21 13:30:00,757.758,7.540
2021/10/21 13:45:00,757.642,7.540
2021/10/21 14:00:00,757.467,7.540
2021/10/21 14:15:00,757.467,7.540
2021/10/21 14:30:00,757.175,7.533
2021/10/21 14:45:00,757.467,7.533
2021/10/21 15:00:00,757.467,7.533
2021/10/21 15:15:00,757.292,7.533
2021/10/21 15:30:00,757.292,7.533
2021/10/21 15:45:00,757.642,7.527
2021/10/21 16:00:00,757.642,7.527
2021/10/21 16:15:00,757.467,7.527
2021/10/21 16:30:00,757.467,7.527
2021/10/21 16:45:00,757.467,7.527
2021/10/21 17:00:00,757.758,7.520
2021/10/21 17:15:00,757.642,7.520
2021/10/21 17:30:00,757.467,7.520
2021/10/21 17:45:00,757.292,7.520
2021/10/21 18:00:00,757.175,7.520
2021/10/21 18:15:00,757.000,7.513
2021/10/21 18:30:00,757.000,7.513
2021/10/21 18:45:00,756.883,7.513
2021/10/21 19:00:00,757.000,7.513
2021/10/21 19:15:00,757.000,7.513
2021/10/21 19:30:00,757.292,7.507
2021/10/21 19:45:00,757.292,7.507
2021/10/21 20:00:00,757.467,7.507
2021/10/21 20:15:00,757.467,7.507
2021/10/21 20:30:00,757.000,7.507
2021/10/21 20:45:00,757.175,7.507
2021/10/21 21:00:00,757.175,7.507
2021/10/21 21:15:00,757.000,7.500
2021/10/21 21:30:00,756.883,7.500
2021/10/21 21:45:00,756.883,7.500
2021/10/21 22:00:00,756.708,7.500
2021/10/21 22:15:00,756.708,7.500
2021/10/21 22:30:00,756.242,7.490
2021/10/21 22:45:00,756.242,7.490
2021/10/21 23:00:00,756.067,7.490
2021/10/21 23:15:00,756.067,7.490
2021/10/21 23:30:00,755.950,7.490
2021/10/21 23:45:00,755.775,7.490
2021/10/22 00:00:00,755.950,7.483
2021/10/22 00:15:00,756.067,7.483
2021/10/22 00:30:00,755.950,7.483
2021/10/22 00:45:00,756.067,7.483
2021/10/22 01:00:00,756.067,7.483
2021/10/22 01:15:00,755.775,7.483
2021/10/22 01:30:00,755.658,7.483
2021/10/22 01:45:00,755.483,7.477
2021/10/22 02:00:00,755.483,7.477
2021/10/22 02:15:00,755.308,7.477
2021/10/22 02:30:00,755.483,7.477
2021/10/22 02:45:00,755.308,7.477
2021/10/22 03:00:00,755.017,7.477
2021/10/22 03:15:00,755.017,7.477
2021/10/22 03:30:00,754.725,7.477
2021/10/22 03:45:00,754.725,7.477
2021/10/22 04:00:00,754.725,7.470
2021/10/22 04:15:00,754.842,7.477
2021/10/22 04:30:00,754.550,7.470
2021/10/22 04:45:00,754.433,7.470
2021/10/22 05:00:00,754.433,7.470
2021/10/22 05:15:00,754.433,7.470
2021/10/22 05:30:00,754.258,7.470
2021/10/22 05:45:00,754.083,7.470
2021/10/22 06:00:00,754.433,7.470
2021/10/22 06:15:00,754.258,7.470
2021/10/22 06:30:00,754.258,7.463
2021/10/22 06:45:00,754.083,7.470
2021/10/22 07:00:00,753.617,7.470
2021/10/22 07:15:00,753.967,7.463
2021/10/22 07:30:00,753.967,7.463
2021/10/22 07:45:00,754.083,7.463
2021/10/22 08:00:00,754.258,7.463
2021/10/22 08:15:00,754.550,7.463
2021/10/22 08:30:00,754.725,7.463
2021/10/22 08:45:00,754.842,7.463
2021/10/22 09:00:00,755.017,7.463
2021/10/22 09:15:00,755.192,7.463
2021/10/22 09:30:00,755.017,7.463
2021/10/22 09:45:00,754.842,7.463
2021/10/22 10:00:00,754.842,7.457
2021/10/22 10:15:00,754.842,7.463
2021/10/22 10:30:00,754.550,7.457
2021/10/22 10:45:00,754.550,7.457
2021/10/22 11:00:00,754.550,7.457
2021/10/22 11:15:00,754.433,7.457
2021/10/22 11:30:00,754.433,7.457
2021/10/22 11:45:00,754.433,7.457
2021/10/22 12:00:00,754.258,7.457
2021/10/22 12:15:00,754.083,7.457
2021/10/22 12:30:00,753.792,7.457
2021/10/22 12:45:00,753.325,7.457
2021/10/22 13:00:00,753.033,7.450
2021/10/22 13:15:00,753.033,7.450
2021/10/22 13:30:00,752.742,7.450
2021/10/22 13:45:00,752.858,7.450
2021/10/22 14:00:00,752.275,7.450
2021/10/22 14:15:00,752.275,7.450
2021/10/22 14:30:00,752.275,7.450
2021/10/22 14:45:00,752.275,7.450
2021/10/22 15:00:00,752.567,7.443
2021/10/22 15:15:00,752.275,7.443
2021/10/22 15:30:00,752.275,7.443
2021/10/22 15:45:00,752.392,7.443
2021/10/22 16:00:00,752.275,7.443
2021/10/22 16:15:00,752.100,7.443
2021/10/22 16:30:00,751.983,7.443
2021/10/22 16:45:00,751.983,7.437
2021/10/22 17:00:00,751.808,7.437
2021/10/22 17:15:00,751.808,7.437
2021/10/22 17:30:00,751.808,7.437
2021/10/22 17:45:00,751.983,7.437
2021/10/22 18:00:00,751.808,7.437
2021/10/22 18:15:00,751.808,7.430
2021/10/22 18:30:00,751.633,7.430
2021/10/22 18:45:00,751.808,7.430
2021/10/22 19:00:00,751.633,7.430
2021/10/22 19:15:00,751.808,7.430
2021/10/22 19:30:00,751.633,7.430
2021/10/22 19:45:00,751.517,7.430
2021/10/22 20:00:00,751.342,7.430
2021/10/22 20:15:00,751.517,7.423
2021/10/22 20:30:00,751.517,7.423
2021/10/22 20:45:00,751.342,7.423
2021/10/22 21:00:00,751.517,7.423
2021/10/22 21:15:00,751.633,7.423
2021/10/22 21:30:00,751.342,7.417
2021/10/22 21:45:00,751.167,7.417
2021/10/22 22:00:00,750.875,7.417
2021/10/22 22:15:00,751.050,7.417
2021/10/22 22:30:00,750.875,7.417
2021/10/22 22:45:00,750.583,7.417
2021/10/22 23:00:00,750.408,7.417
2021/10/22 23:15:00,750.292,7.410
2021/10/22 23:30:00,750.292,7.417
2021/10/22 23:45:00,750.000,7.410
2021/10/23 00:00:00,749.825,7.410
2021/10/23 00:15:00,749.650,7.410
2021/10/23 00:30:00,749.825,7.410
2021/10/23 00:45:00,749.533,7.410
2021/10/23 01:00:00,749.533,7.410
2021/10/23 01:15:00,749.358,7.410
2021/10/23 01:30:00,749.242,7.410
2021/10/23 01:45:00,749.358,7.403
2021/10/23 02:00:00,749.242,7.403
2021/10/23 02:15:00,749.242,7.403
2021/10/23 02:30:00,749.067,7.403
2021/10/23 02:45:00,749.067,7.403
2021/10/23 03:00:00,748.892,7.403
2021/10/23 03:15:00,748.892,7.403
2021/10/23 03:30:00,748.600,7.403
2021/10/23 03:45:00,748.308,7.403
2021/10/23 04:00:00,748.133,7.403
2021/10/23 04:15:00,748.017,7.403
2021/10/23 04:30:00,748.133,7.397
2021/10/23 04:45:00,748.133,7.397
2021/10/23 05:00:00,748.017,7.397
2021/10/23 05:15:00,748.017,7.403
2021/10/23 05:30:00,748.017,7.397
2021/10/23 05:45:00,747.842,7.397
2021/10/23 06:00:00,747.550,7.397
2021/10/23 06:15:00,747.842,7.397
2021/10/23 06:30:00,747.842,7.397
2021/10/23 06:45:00,747.842,7.397
2021/10/23 07:00:00,747.725,7.397
2021/10/23 07:15:00,747.725,7.397
2021/10/23 07:30:00,747.550,7.397
2021/10/23 07:45:00,747.550,7.397
2021/10/23 08:00:00,747.550,7.397
2021/10/23 08:15:00,747.725,7.397
2021/10/23 08:30:00,747.375,7.397
2021/10/23 08:45:00,747.550,7.397
2021/10/23 09:00:00,747.550,7.397
2021/10/23 09:15:00,747.375,7.390
2021/10/23 09:30:00,747.550,7.390
2021/10/23 09:45:00,747.725,7.397
2021/10/23 10:00:00,747.725,7.390
2021/10/23 10:15:00,747.550,7.390
2021/10/23 10:30:00,747.375,7.390
2021/10/23 10:45:00,747.258,7.390
2021/10/23 11:00:00,747.258,7.390
2021/10/23 11:15:00,747.258,7.390
2021/10/23 11:30:00,747.083,7.390
2021/10/23 11:45:00,746.967,7.390
2021/10/23 12:00:00,747.258,7.390
2021/10/23 12:15:00,747.258,7.390
2021/10/23 12:30:00,746.967,7.390
2021/10/23 12:45:00,746.967,7.390
2021/10/23 13:00:00,746.792,7.390
2021/10/23 13:15:00,746.792,7.390
2021/10/23 13:30:00,746.500,7.390
2021/10/23 13:45:00,746.325,7.390
2021/10/23 14:00:00,745.917,7.383
2021/10/23 14:15:00,745.450,7.390
2021/10/23 14:30:00,745.450,7.383
2021/10/23 14:45:00,745.450,7.383
2021/10/23 15:00:00,745.450,7.383
2021/10/23 15:15:00,745.275,7.383
2021/10/23 15:30:00,745.158,7.383
2021/10/23 15:45:00,745.158,7.383
2021/10/23 16:00:00,745.158,7.383
2021/10/23 16:15:00,744.983,7.383
2021/10/23 16:30:00,744.808,7.383
2021/10/23 16:45:00,744.983,7.383
2021/10/23 17:00:00,745.158,7.383
2021/10/23 17:15:00,744.983,7.383
2021/10/23 17:30:00,744.983,7.383
2021/10/23 17:45:00,744.808,7.383
2021/10/23 18:00:00,744.808,7.383
2021/10/23 18:15:00,744.808,7.377
2021/10/23 18:30:00,744.692,7.377
2021/10/23 18:45:00,744.692,7.377
2021/10/23 19:00:00,744.400,7.377
2021/10/23 19:15:00,744.225,7.377
2021/10/23 19:30:00,743.933,7.377
2021/10/23 19:45:00,744.225,7.377
2021/10/23 20:00:00,743.933,7.377
2021/10/23 20:15:00,743.933,7.377
2021/10/23 20:30:00,743.933,7.377
2021/10/23 20:45:00,743.933,7.377
2021/10/23 21:00:00,744.225,7.377
2021/10/23 21:15:00,744.400,7.377
2021/10/23 21:30:00,744.517,7.377
2021/10/23 21:45:00,744.692,7.377
2021/10/23 22:00:00,744.808,7.370
2021/10/23 22:15:00,744.692,7.370
2021/10/23 22:30:00,744.692,7.377
2021/10/23 22:45:00,744.808,7.370
2021/10/23 23:00:00,744.808,7.370
2021/10/23 23:15:00,744.983,7.377
2021/10/23 23:30:00,745.158,7.370
2021/10/23 23:45:00,745.158,7.370
2021/10/24 00:00:00,745.275,7.370
2021/10/24 00:15:00,745.158,7.370
2021/10/24 00:30:00,744.983,7.370
2021/10/24 00:45:00,744.983,7.370
2021/10/24 01:00:00,745.275,7.370
2021/10/24 01:15:00,745.275,7.370
2021/10/24 01:30:00,745.450,7.370
2021/10/24 01:45:00,745.567,7.370
2021/10/24 02:00:00,745.742,7.370
2021/10/24 02:15:00,746.033,7.370
2021/10/24 02:30:00,745.917,7.370
2021/10/24 02:45:00,745.742,7.370
2021/10/24 03:00:00,745.742,7.370
2021/10/24 03:15:00,745.567,7.370
2021/10/24 03:30:00,745.275,7.370
2021/10/24 03:45:00,745.158,7.370
2021/10/24 04:00:00,745.158,7.370
2021/10/24 04:15:00,744.983,7.370
2021/10/24 04:30:00,745.275,7.370
2021/10/24 04:45:00,745.567,7.370
2021/10/24 05:00:00,745.450,7.370
2021/10/24 05:15:00,745.275,7.370
2021/10/24 05:30:00,745.567,7.370
2021/10/24 05:45:00,745.567,7.370
2021/10/24 06:00:00,745.917,7.377
2021/10/24 06:15:00,745.567,7.370
2021/10/24 06:30:00,745.917,7.370
2021/10/24 06:45:00,745.917,7.377
2021/10/24 07:00:00,745.917,7.370
2021/10/24 07:15:00,746.325,7.377
2021/10/24 07:30:00,746.325,7.377
2021/10/24 07:45:00,746.325,7.377
2021/10/24 08:00:00,746.325,7.377
2021/10/24 08:15:00,746.500,7.377
2021/10/24 08:30:00,746.675,7.377
2021/10/24 08:45:00,746.967,7.377
2021/10/24 09:00:00,747.083,7.377
2021/10/24 09:15:00,747.258,7.377
2021/10/24 09:30:00,747.083,7.377
2021/10/24 09:45:00,747.375,7.377
2021/10/24 10:00:00,747.083,7.377
2021/10/24 10:15:00,747.258,7.377
2021/10/24 10:30:00,747.375,7.377
2021/10/24 10:45:00,747.375,7.377
2021/10/24 11:00:00,747.725,7.377
2021/10/24 11:15:00,747.550,7.377
2021/10/24 11:30:00,747.725,7.377
2021/10/24 11:45:00,747.842,7.377
2021/10/24 12:00:00,748.017,7.377
2021/10/24 12:15:00,747.842,7.377
2021/10/24 12:30:00,748.017,7.377
2021/10/24 12:45:00,748.017,7.377
2021/10/24 13:00:00,748.017,7.377
2021/10/24 13:15:00,748.017,7.383
2021/10/24 13:30:00,747.725,7.377
2021/10/24 13:45:00,747.725,7.377
2021/10/24 14:00:00,747.550,7.377
2021/10/24 14:15:00,747.725,7.383
2021/10/24 14:30:00,747.550,7.377
2021/10/24 14:45:00,747.725,7.377
2021/10/24 15:00:00,747.842,7.377
2021/10/24 15:15:00,748.308,7.383
2021/10/24 15:30:00,748.600,7.383
2021/10/24 15:45:00,748.483,7.377
2021/10/24 16:00:00,748.775,7.377
2021/10/24 16:15:00,748.775,7.377
2021/10/24 16:30:00,748.892,7.377
2021/10/24 16:45:00,749.067,7.377
2021/10/24 17:00:00,749.242,7.377
2021/10/24 17:15:00,749.242,7.377
2021/10/24 17:30:00,749.358,7.377
2021/10/24 17:45:00,749.358,7.377
2021/10/24 18:00:00,749.533,7.377
2021/10/24 18:15:00,749.358,7.377
2021/10/24 18:30:00,749.242,7.377
2021/10/24 18:45:00,749.358,7.377
2021/10/24 19:00:00,749.533,7.377
2021/10/24 19:15:00,749.358,7.377
2021/10/24 19:30:00,749.533,7.377
2021/10/24 19:45:00,749.650,7.377
2021/10/24 20:00:00,750.117,7.377
2021/10/24 20:15:00,750.117,7.377
2021/10/24 20:30:00,750.000,7.377
2021/10/24 20:45:00,750.408,7.377
2021/10/24 21:00:00,750.758,7.377
2021/10/24 21:15:00,750.583,7.377
2021/10/24 21:30:00,750.408,7.377
2021/10/24 21:45:00,750.583,7.377
2021/10/24 22:00:00,751.167,7.377
2021/10/24 22:15:00,751.167,7.377
2021/10/24 22:30:00,751.167,7.377
2021/10/24 22:45:00,751.342,7.377
2021/10/24 23:00:00,751.342,7.370
2021/10/24 23:15:00,751.342,7.377
2021/10/24 23:30:00,751.342,7.377
2021/10/24 23:45:00,751.167,7.377
2021/10/25 00:00:00,751.167,7.377
2021/10/25 00:15:00,751.517,7.377
2021/10/25 00:30:00,751.517,7.377
2021/10/25 00:45:00,751.342,7.377
2021/10/25 01:00:00,751.517,7.377
2021/10/25 01:15:00,751.167,7.377
2021/10/25 01:30:00,751.342,7.377
2021/10/25 01:45:00,751.342,7.377
2021/10/25 02:00:00,751.633,7.377
2021/10/25 02:15:00,751.517,7.377
2021/10/25 02:30:00,751.517,7.377
2021/10/25 02:45:00,751.517,7.377
2021/10/25 03:00:00,751.342,7.377
2021/10/25 03:15:00,751.167,7.377
2021/10/25 03:30:00,750.875,7.377
2021/10/25 03:45:00,750.875,7.377
2021/10/25 04:00:00,750.875,7.377
2021/10/25 04:15:00,750.875,7.377
2021/10/25 04:30:00,750.875,7.377
2021/10/25 04:45:00,750.758,7.377
2021/10/25 05:00:00,750.583,7.377
2021/10/25 05:15:00,751.050,7.383
2021/10/25 05:30:00,751.050,7.383
2021/10/25 05:45:00,751.050,7.383
2021/10/25 06:00:00,751.050,7.383
2021/10/25 06:15:00,751.050,7.383
2021/10/25 06:30:00,751.050,7.383
2021/10/25 06:45:00,751.050,7.383
2021/10/25 07:00:00,751.167,7.383
2021/10/25 07:15:00,751.167,7.383
2021/10/25 07:30:00,751.342,7.383
2021/10/25 07:45:00,751.342,7.383
2021/10/25 08:00:00,751.342,7.383
2021/10/25 08:15:00,751.342,7.383
2021/10/25 08:30:00,751.517,7.383
2021/10/25 08:45:00,751.517,7.383
2021/10/25 09:00:00,751.342,7.383
2021/10/25 09:15:00,751.167,7.390
2021/10/25 09:30:00,751.517,7.383
2021/10/25 09:45:00,751.342,7.390
2021/10/25 10:00:00,751.167,7.390
2021/10/25 10:15:00,750.875,7.390
2021/10/25 10:30:00,750.875,7.390
2021/10/25 10:45:00,750.875,7.390
2021/10/25 11:00:00,750.583,7.390
2021/10/25 11:15:00,750.583,7.390
2021/10/25 11:30:00,750.408,7.390
2021/10/25 11:45:00,750.583,7.390
2021/10/25 12:00:00,750.408,7.390
2021/10/25 12:15:00,750.292,7.390
2021/10/25 12:30:00,750.292,7.390
2021/10/25 12:45:00,750.000,7.390
2021/10/25 13:00:00,749.825,7.390
2021/10/25 13:15:00,749.358,7.390
2021/10/25 13:30:00,749.358,7.390
2021/10/25 13:45:00,749.242,7.390
2021/10/25 14:00:00,749.067,7.390
2021/10/25 14:15:00,749.242,7.390
2021/10/25 14:30:00,749.242,7.397
2021/10/25 14:45:00,749.067,7.390
2021/10/25 15:00:00,748.892,7.390
2021/10/25 15:15:00,748.775,7.390
2021/10/25 15:30:00,748.775,7.390
2021/10/25 15:45:00,748.600,7.390
2021/10/25 16:00:00,748.600,7.390
2021/10/25 16:15:00,748.600,7.390
2021/10/25 16:30:00,748.775,7.390
2021/10/25 16:45:00,748.600,7.390
2021/10/25 17:00:00,748.308,7.390
2021/10/25 17:15:00,748.483,7.390
2021/10/25 17:30:00,748.308,7.390
2021/10/25 17:45:00,748.133,7.390
2021/10/25 18:00:00,748.308,7.397
2021/10/25 18:15:00,748.133,7.390
2021/10/25 18:30:00,748.133,7.390
2021/10/25 18:45:00,748.308,7.390
2021/10/25 19:00:00,748.483,7.390
2021/10/25 19:15:00,748.483,7.390
2021/10/25 19:30:00,748.600,7.390
2021/10/25 19:45:00,748.600,7.390
2021/10/25 20:00:00,748.600,7.390
2021/10/25 20:15:00,748.483,7.390
2021/10/25 20:30:00,748.133,7.390
2021/10/25 20:45:00,748.308,7.390
2021/10/25 21:00:00,748.133,7.390
2021/10/25 21:15:00,748.017,7.390
2021/10/25 21:30:00,747.842,7.390
2021/10/25 21:45:00,747.842,7.390
2021/10/25 22:00:00,748.017,7.397
2021/10/25 22:15:00,747.550,7.390
2021/10/25 22:30:00,747.550,7.397
2021/10/25 22:45:00,747.550,7.397
2021/10/25 23:00:00,747.550,7.397
2021/10/25 23:15:00,747.375,7.390
2021/10/25 23:30:00,747.258,7.390
2021/10/25 23:45:00,747.375,7.397
2021/10/26 00:00:00,747.258,7.397
2021/10/26 00:15:00,747.083,7.397
2021/10/26 00:30:00,746.792,7.397
2021/10/26 00:45:00,746.617,7.397
2021/10/26 01:00:00,746.325,7.397
2021/10/26 01:15:00,746.208,7.397
2021/10/26 01:30:00,746.208,7.397
2021/10/26 01:45:00,746.208,7.397
2021/10/26 02:00:00,746.033,7.397
2021/10/26 02:15:00,745.567,7.397
2021/10/26 02:30:00,745.450,7.397
2021/10/26 02:45:00,745.158,7.397
2021/10/26 03:00:00,744.692,7.397
2021/10/26 03:15:00,744.517,7.397
2021/10/26 03:30:00,744.050,7.397
2021/10/26 03:45:00,744.050,7.403
2021/10/26 04:00:00,743.933,7.403
2021/10/26 04:15:00,743.758,7.403
2021/10/26 04:30:00,743.642,7.403
2021/10/26 04:45:00,743.642,7.403
2021/10/26 05:00:00,743.467,7.403
2021/10/26 05:15:00,743.175,7.403
2021/10/26 05:30:00,743.000,7.403
2021/10/26 05:45:00,742.883,7.403
2021/10/26 06:00:00,742.708,7.403
2021/10/26 06:15:00,742.533,7.403
2021/10/26 06:30:00,741.950,7.410
2021/10/26 06:45:00,741.950,7.403
2021/10/26 07:00:00,741.658,7.410
2021/10/26 07:15:00,741.483,7.410
2021/10/26 07:30:00,741.367,7.410
2021/10/26 07:45:00,741.192,7.410
2021/10/26 08:00:00,741.075,7.410
2021/10/26 08:15:00,741.192,7.410
2021/10/26 08:30:00,740.725,7.410
2021/10/26 08:45:00,740.900,7.410
2021/10/26 09:00:00,740.725,7.417
2021/10/26 09:15:00,740.725,7.417
2021/10/26 09:30:00,740.608,7.417
2021/10/26 09:45:00,740.317,7.417
2021/10/26 10:00:00,740.142,7.417
2021/10/26 10:15:00,740.725,7.417
2021/10/26 10:30:00,740.725,7.417
2021/10/26 10:45:00,740.725,7.417
2021/10/26 11:00:00,740.608,7.423
2021/10/26 11:15:00,740.433,7.423
2021/10/26 11:30:00,740.142,7.423
2021/10/26 11:45:00,739.850,7.423
2021/10/26 12:00:00,740.142,7.423
2021/10/26 12:15:00,740.142,7.423
2021/10/26 12:30:00,739.850,7.423
2021/10/26 12:45:00,739.092,7.423
2021/10/26 13:00:00,739.092,7.423
2021/10/26 13:15:00,738.917,7.423
2021/10/26 13:30:00,738.333,7.430
2021/10/26 13:45:00,738.333,7.430
2021/10/26 14:00:00,737.867,7.430
2021/10/26 14:15:00,737.575,7.430
2021/10/26 14:30:00,737.575,7.430
2021/10/26 14:45:00,737.400,7.430
2021/10/26 15:00:00,737.750,7.437
2021/10/26 15:15:00,737.400,7.430
2021/10/26 15:30:00,737.575,7.437
2021/10/26 15:45:00,737.750,7.437
2021/10/26 16:00:00,737.867,7.437
2021/10/26 16:15:00,737.575,7.437
2021/10/26 16:30:00,737.750,7.437
2021/10/26 16:45:00,738.333,7.437
2021/10/26 17:00:00,738.158,7.443
2021/10/26 17:15:00,738.508,7.443
2021/10/26 17:30:00,738.625,7.443
2021/10/26 17:45:00,738.800,7.443
2021/10/26 18:00:00,739.850,7.443
2021/10/26 18:15:00,739.850,7.443
2021/10/26 18:30:00,740.317,7.443
2021/10/26 18:45:00,740.317,7.443
2021/10/26 19:00:00,739.967,7.443
2021/10/26 19:15:00,740.725,7.443
2021/10/26 19:30:00,740.900,7.443
2021/10/26 19:45:00,741.075,7.443
2021/10/26 20:00:00,739.850,7.443
2021/10/26 20:15:00,739.092,7.450
2021/10/26 20:30:00,739.558,7.450
2021/10/26 20:45:00,739.675,7.450
2021/10/26 21:00:00,739.675,7.450
2021/10/26 21:15:00,739.208,7.450
2021/10/26 21:30:00,739.208,7.450
2021/10/26 21:45:00,739.558,7.450
2021/10/26 22:00:00,739.383,7.450
2021/10/26 22:15:00,739.558,7.450
2021/10/26 22:30:00,739.383,7.450
2021/10/26 22:45:00,739.558,7.450
2021/10/26 23:00:00,739.558,7.450
2021/10/26 23:15:00,740.142,7.450
2021/10/26 23:30:00,740.317,7.457
2021/10/26 23:45:00,740.433,7.450
2021/10/27 00:00:00,740.725,7.457
2021/10/27 00:15:00,740.900,7.457
2021/10/27 00:30:00,740.900,7.457
2021/10/27 00:45:00,741.483,7.457
2021/10/27 01:00:00,741.483,7.457
2021/10/27 01:15:00,741.658,7.457
2021/10/27 01:30:00,741.658,7.457
2021/10/27 01:45:00,741.658,7.457
2021/10/27 02:00:00,741.775,7.457
2021/10/27 02:15:00,742.125,7.457
2021/10/27 02:30:00,741.950,7.457
2021/10/27 02:45:00,741.950,7.457
2021/10/27 03:00:00,741.950,7.457
2021/10/27 03:15:00,741.775,7.457
2021/10/27 03:30:00,741.950,7.457
2021/10/27 03:45:00,742.125,7.457
2021/10/27 04:00:00,742.417,7.457
2021/10/27 04:15:00,742.708,7.457
2021/10/27 04:30:00,742.533,7.457
2021/10/27 04:45:00,743.175,7.457
2021/10/27 05:00:00,743.175,7.457
2021/10/27 05:15:00,743.175,7.457
2021/10/27 05:30:00,743.292,7.457
2021/10/27 05:45:00,743.642,7.457
2021/10/27 06:00:00,743.933,7.457
2021/10/27 06:15:00,743.642,7.457
2021/10/27 06:30:00,743.758,7.457
2021/10/27 06:45:00,743.933,7.457
2021/10/27 07:00:00,744.050,7.457
2021/10/27 07:15:00,744.400,7.457
2021/10/27 07:30:00,744.400,7.457
2021/10/27 07:45:00,744.517,7.457
2021/10/27 08:00:00,744.400,7.457
2021/10/27 08:15:00,744.692,7.457
2021/10/27 08:30:00,744.808,7.457
2021/10/27 08:45:00,745.158,7.457
2021/10/27 09:00:00,745.158,7.450
2021/10/27 09:15:00,745.275,7.450
2021/10/27 09:30:00,745.450,7.450
2021/10/27 09:45:00,745.917,7.450
2021/10/27 10:00:00,745.917,7.450
2021/10/27 10:15:00,746.033,7.450
2021/10/27 10:30:00,746.033,7.450
2021/10/27 10:45:00,746.208,7.450
2021/10/27 11:00:00,746.325,7.450
2021/10/27 11:15:00,746.617,7.450
2021/10/27 11:30:00,746.325,7.450
2021/10/27 11:45:00,746.208,7.450
2021/10/27 12:00:00,746.500,7.443
2021/10/27 12:15:00,746.325,7.443
2021/10/27 12:30:00,746.325,7.443
2021/10/27 12:45:00,746.325,7.450
2021/10/27 13:00:00,746.208,7.443
2021/10/27 13:15:00,746.208,7.443
2021/10/27 13:30:00,746.033,7.443
2021/10/27 13:45:00,746.208,7.443
2021/10/27 14:00:00,746.033,7.443
2021/10/27 14:15:00,745.917,7.437
2021/10/27 14:30:00,745.567,7.437
2021/10/27 14:45:00,745.742,7.437
2021/10/27 15:00:00,745.567,7.437
2021/10/27 15:15:00,745.450,7.437
2021/10/27 15:30:00,745.567,7.437
2021/10/27 15:45:00,745.450,7.430
2021/10/27 16:00:00,745.450,7.430
2021/10/27 16:15:00,745.742,7.430
2021/10/27 16:30:00,745.917,7.430
2021/10/27 16:45:00,746.033,7.430
2021/10/27 17:00:00,745.917,7.430
2021/10/27 17:15:00,746.500,7.423
2021/10/27 17:30:00,746.617,7.423
2021/10/27 17:45:00,746.967,7.423
2021/10/27 18:00:00,747.258,7.423
2021/10/27 18:15:00,747.550,7.417
2021/10/27 18:30:00,747.550,7.417
2021/10/27 18:45:00,747.725,7.417
2021/10/27 19:00:00,748.017,7.417
2021/10/27 19:15:00,748.308,7.417
2021/10/27 19:30:00,748.133,7.410
2021/10/27 19:45:00,748.308,7.410
2021/10/27 20:00:00,748.483,7.410
2021/10/27 20:15:00,748.483,7.410
2021/10/27 20:30:00,748.775,7.410
2021/10/27 20:45:00,751.167,7.403
2021/10/27 21:00:00,751.517,7.403
2021/10/27 21:15:00,751.983,7.403
2021/10/27 21:30:00,752.100,7.403
2021/10/27 21:45:00,752.275,7.397
2021/10/27 22:00:00,752.275,7.397
2021/10/27 22:15:00,752.275,7.397
2021/10/27 22:30:00,752.100,7.397
2021/10/27 22:45:00,751.983,7.390
2021/10/27 23:00:00,751.808,7.390
2021/10/27 23:15:00,751.983,7.390
2021/10/27 23:30:00,752.100,7.383
2021/10/27 23:45:00,752.275,7.383
2021/10/28 00:00:00,752.392,7.383
2021/10/28 00:15:00,752.275,7.383
2021/10/28 00:30:00,752.567,7.377
2021/10/28 00:45:00,752.392,7.377
2021/10/28 01:00:00,752.567,7.377
2021/10/28 01:15:00,752.392,7.370
2021/10/28 01:30:00,752.392,7.370
2021/10/28 01:45:00,752.567,7.370
2021/10/28 02:00:00,752.858,7.363
2021/10/28 02:15:00,752.858,7.363
2021/10/28 02:30:00,752.858,7.363
2021/10/28 02:45:00,752.275,7.357
2021/10/28 03:00:00,752.392,7.357
2021/10/28 03:15:00,752.275,7.357
2021/10/28 03:30:00,752.392,7.357
2021/10/28 03:45:00,752.392,7.350
2021/10/28 04:00:00,752.567,7.350
2021/10/28 04:15:00,752.392,7.350
2021/10/28 04:30:00,752.742,7.343
2021/10/28 04:45:00,752.392,7.343
2021/10/28 05:00:00,752.392,7.343
2021/10/28 05:15:00,752.275,7.337
2021/10/28 05:30:00,752.742,7.337
2021/10/28 05:45:00,752.392,7.337
2021/10/28 06:00:00,752.567,7.337
2021/10/28 06:15:00,752.392,7.330
2021/10/28 06:30:00,752.567,7.330
2021/10/28 06:45:00,753.033,7.323
2021/10/28 07:00:00,753.033,7.323
2021/10/28 07:15:00,753.208,7.323
2021/10/28 07:30:00,753.208,7.323
2021/10/28 07:45:00,753.325,7.317
2021/10/28 08:00:00,753.500,7.317
2021/10/28 08:15:00,753.617,7.317
2021/10/28 08:30:00,753.617,7.317
2021/10/28 08:45:00,753.617,7.310
2021/10/28 09:00:00,753.967,7.310
2021/10/28 09:15:00,753.967,7.310
2021/10/28 09:30:00,754.258,7.303
2021/10/28 09:45:00,754.258,7.303
2021/10/28 10:00:00,754.258,7.303
2021/10/28 10:15:00,754.083,7.297
2021/10/28 10:30:00,754.083,7.297
2021/10/28 10:45:00,754.258,7.297
2021/10/28 11:00:00,754.433,7.290
2021/10/28 11:15:00,754.433,7.290
2021/10/28 11:30:00,754.433,7.290
2021/10/28 11:45:00,754.433,7.290
2021/10/28 12:00:00,754.258,7.283
2021/10/28 12:15:00,754.083,7.283
2021/10/28 12:30:00,754.083,7.283
2021/10/28 12:45:00,753.967,7.283
2021/10/28 13:00:00,752.275,7.310
2021/10/28 13:15:00,752.275,7.227
2021/10/28 13:30:00,752.100,7.193
2021/10/28 13:45:00,752.100,7.173
2021/10/28 14:00:00,752.100,7.167
2021/10/28 14:15:00,753.325,7.297
END OF DATA FILE OF DATALOGGER FOR WINDOWS
